808.0 1403.0
901.0 1400.0
970.0 1458.0
828.0 1577.0
953.0 1458.0
814.0 1409.0
1480.0 2108.0
828.0 1691.0
802.0 1409.0
894.0 1400.0
1078.0 1686.0
1482.0 2137.0
1122.0 2201.0
973.0 1478.0
973.0 1408.0
961.0 1408.0
1172.0 1859.0
1026.0 1793.0
909.0 1408.0
897.0 1408.0
886.0 1408.0
961.0 1449.0
857.0 1403.0
893.0 1474.0
825.0 1408.0
1008.0 1399.0
1278.0 2161.0
981.0 1277.0
679.0 1807.0
688.0 1807.0
1049.0 1404.0
975.0 1457.0
665.0 2191.0
1149.0 1684.0
1051.0 1807.0
960.0 1399.0
1019.0 1407.0
1008.0 1407.0
952.0 1399.0
807.0 1356.0
1307.0 2161.0
948.0 1399.0
964.0 1457.0
936.0 1399.0
944.0 1407.0
917.0 1399.0
933.0 1407.0
921.0 1407.0
1576.0 2225.0
818.0 2182.0
910.0 1454.0
944.0 1475.0
947.0 1447.0
1653.0 2141.0
860.0 1407.0
1088.0 1492.0
1055.0 1398.0
1044.0 1398.0
1018.0 1398.0
804.0 1407.0
996.0 1408.0
960.0 1427.0
1010.0 1398.0
1066.0 1406.0
924.0 1400.0
1006.0 1398.0
996.0 1400.0
1041.0 1408.0
914.0 1447.0
1681.0 2141.0
913.0 1880.0
999.0 1398.0
990.0 1406.0
979.0 1406.0
926.0 1401.0
968.0 1406.0
994.0 1398.0
956.0 1406.0
971.0 1398.0
1387.0 2079.0
954.0 1474.0
900.0 1482.0
910.0 1860.0
918.0 1406.0
1041.0 1397.0
907.0 1406.0
748.0 1809.0
1109.0 1818.0
895.0 1406.0
984.0 890.0
1029.0 1397.0
1022.0 1397.0
829.0 1409.0
983.0 1448.0
720.0 1806.0
961.0 1809.0
981.0 1480.0
711.0 1806.0
952.0 1456.0
918.0 1456.0
979.0 1862.0
955.0 1695.0
907.0 1456.0
956.0 1402.0
827.0 1406.0
898.0 1480.0
1006.0 1409.0
1081.0 1867.0
816.0 1406.0
817.0 1424.0
864.0 1865.0
1625.0 2142.0
1204.0 1859.0
1278.0 2164.0
765.0 1692.0
1204.0 1788.0
899.0 1484.0
434.0 2195.0
701.0 1694.0
896.0 1482.0
1025.0 1405.0
1057.0 1396.0
1014.0 1405.0
943.0 1481.0
1003.0 1405.0
973.0 1455.0
1046.0 1350.0
1101.0 1804.0
1114.0 2203.0
962.0 1455.0
1053.0 1396.0
913.0 1450.0
1113.0 1571.0
683.0 1810.0
924.0 1450.0
715.0 1810.0
955.0 1455.0
992.0 1405.0
953.0 1405.0
960.0 1481.0
1067.0 1409.0
543.0 2208.0
964.0 1481.0
942.0 1405.0
930.0 1405.0
952.0 1483.0
1571.0 2245.0
971.0 1481.0
864.0 1407.0
862.0 1405.0
959.0 1451.0
851.0 1405.0
1167.0 1856.0
969.0 1451.0
915.0 1452.0
878.0 1401.0
976.0 1474.0
839.0 1405.0
902.0 2201.0
1136.0 1802.0
892.0 1690.0
1039.0 1404.0
1103.0 1802.0
977.0 1404.0
1067.0 1420.0
965.0 1404.0
982.0 1420.0
837.0 1408.0
920.0 1404.0
909.0 1404.0
897.0 1404.0
905.0 1400.0
886.0 1404.0
833.0 1404.0
1169.0 1801.0
913.0 1400.0
822.0 1404.0
811.0 1404.0
1035.0 1403.0
1012.0 1403.0
975.0 1452.0
968.0 1476.0
973.0 1400.0
946.0 1472.0
1049.0 1400.0
1332.0 2159.0
1443.0 2088.0
956.0 1248.0
1061.0 1400.0
1013.0 1294.0
909.0 1459.0
847.0 1401.0
1000.0 1403.0
943.0 1403.0
855.0 1401.0
932.0 1403.0
880.0 1403.0
889.0 1250.0
859.0 1401.0
926.0 818.0
801.0 1403.0
61.0 2210.0
1063.0 1402.0
882.0 1401.0
1047.0 1402.0
1201.0 1800.0
990.0 1402.0
979.0 1402.0
967.0 1402.0
1155.0 1860.0
915.0 1402.0
819.0 1414.0
1154.0 1684.0
903.0 1402.0
989.0 1476.0
891.0 1402.0
939.0 1401.0
1090.0 1686.0
678.0 2191.0
843.0 1402.0
950.0 1401.0
816.0 2184.0
835.0 1402.0
961.0 1401.0
980.0 1446.0
1002.0 1401.0
1020.0 1687.0
1014.0 1401.0
1014.0 1688.0
950.0 1689.0
903.0 1478.0
956.0 1689.0
959.0 1459.0
831.0 1402.0
798.0 1413.0
824.0 1402.0
1140.0 1798.0
1131.0 1798.0
1025.0 1401.0
820.0 1402.0
886.0 1690.0
1037.0 1401.0
974.0 1798.0
889.0 1412.0
833.0 1412.0
892.0 1478.0
821.0 1412.0
1710.0 2139.0
810.0 1412.0
969.0 1446.0
1173.0 1797.0
1164.0 1797.0
856.0 1411.0
935.0 1477.0
845.0 1411.0
1076.0 1870.0
1163.0 1852.0
913.0 1477.0
1058.0 1402.0
988.0 1472.0
672.0 2197.0
845.0 1497.0
834.0 1691.0
914.0 1410.0
1026.0 1419.0
903.0 1410.0
891.0 1410.0
1205.0 1796.0
917.0 1450.0
965.0 1474.0
920.0 1454.0
912.0 1475.0
695.0 1694.0
816.0 1410.0
1574.0 2223.0
805.0 1410.0
793.0 1410.0
1836.0 2154.0
941.0 1280.0
1024.0 1871.0
949.0 1409.0
938.0 1409.0
962.0 1478.0
863.0 1409.0
759.0 1693.0
851.0 1409.0
1026.0 1687.0
840.0 1409.0
908.0 1435.0
927.0 1397.0
926.0 848.0
984.0 1482.0
880.0 1410.0
849.0 1408.0
734.0 1827.0
980.0 2129.0
1274.0 2114.0
1463.0 2108.0
1018.0 1815.0
933.0 1474.0
1043.0 1406.0
896.0 1249.0
1125.0 1813.0
1034.0 1397.0
793.0 1406.0
854.0 1413.0
898.0 1690.0
929.0 1483.0
1142.0 1652.0
904.0 1413.0
1099.0 1799.0
1115.0 1812.0
874.0 1408.0
968.0 345.0
933.0 1859.0
931.0 1483.0
981.0 1428.0
916.0 1413.0
1143.0 1688.0
864.0 1811.0
1569.0 2249.0
932.0 1433.0
797.0 1402.0
920.0 1447.0
858.0 1425.0
981.0 2205.0
1108.0 1790.0
1026.0 1808.0
1124.0 1819.0
1123.0 1791.0
1003.0 1477.0
1107.0 2197.0
1055.0 1406.0
884.0 1883.0
986.0 1808.0
1071.0 1424.0
1118.0 1574.0
753.0 1805.0
900.0 1458.0
896.0 1811.0
903.0 1473.0
799.0 1812.0
1014.0 1691.0
977.0 1285.0
936.0 1429.0
1039.0 1796.0
1181.0 1804.0
909.0 1807.0
1515.0 2146.0
931.0 1446.0
1262.0 2161.0
917.0 144.0
856.0 2188.0
1132.0 1858.0
845.0 1808.0
935.0 1472.0
823.0 1415.0
812.0 1808.0
711.0 2189.0
971.0 1357.0
1080.0 1795.0
956.0 1860.0
858.0 1888.0
904.0 1460.0
991.0 1277.0
953.0 1817.0
985.0 1816.0
736.0 1798.0
914.0 1427.0
1009.0 1410.0
961.0 1860.0
679.0 1868.0
893.0 1861.0
282.0 2212.0
963.0 1247.0
1498.0 2146.0
823.0 1819.0
924.0 1473.0
1006.0 1805.0
954.0 1159.0
771.0 2189.0
735.0 1820.0
791.0 1819.0
842.0 1869.0
1062.0 1418.0
1210.0 1792.0
921.0 1459.0
726.0 1820.0
926.0 967.0
1059.0 1822.0
741.0 1826.0
1245.0 1850.0
850.0 1480.0
958.0 1282.0
1132.0 1917.0
957.0 390.0
1006.0 1481.0
1174.0 1847.0
993.0 1809.0
856.0 1818.0
939.0 1412.0
974.0 1805.0
780.0 1809.0
756.0 1901.0
909.0 1799.0
1595.0 2103.0
984.0 1863.0
1030.0 1245.0
752.0 2027.0
1070.0 1386.0
1058.0 1808.0
790.0 1409.0
792.0 1812.0
621.0 2122.0
994.0 2129.0
1150.0 1929.0
877.0 1808.0
957.0 915.0
1141.0 1789.0
1147.0 1655.0
1072.0 1824.0
990.0 1745.0
1050.0 1815.0
1007.0 1797.0
651.0 1857.0
831.0 1812.0
950.0 825.0
936.0 1831.0
655.0 1861.0
1093.0 1895.0
941.0 1806.0
874.0 1405.0
928.0 893.0
1174.0 1788.0
1278.0 2161.2001953125
434.4000244140625 2193.60009765625
844.800048828125 1402.800048828125
834.0000610351562 1402.800048828125
820.800048828125 1402.800048828125
1108.800048828125 1816.800048828125
956.4000244140625 1248.0
1065.60009765625 1798.800048828125
804.0000610351562 1406.4000244140625
909.6000366210938 1458.0
1148.4000244140625 1683.60009765625
1033.2000732421875 1800.0001220703125
816.0000610351562 1406.4000244140625
1160.4000244140625 1855.2000732421875
966.0000610351562 1473.60009765625
1162.800048828125 1851.60009765625
1083.60009765625 1686.0001220703125
1167.60009765625 1848.0001220703125
926.4000244140625 1410.0
862.800048828125 1407.60009765625
912.0000610351562 1474.800048828125
1575.60009765625 2223.60009765625
902.4000244140625 2200.800048828125
972.0000610351562 1411.2000732421875
838.800048828125 1405.2000732421875
980.4000244140625 1446.0
1135.2000732421875 1802.4000244140625
1081.2000732421875 1866.0001220703125
1002.0000610351562 1401.60009765625
1762.800048828125 2134.800048828125
1708.800048828125 2137.2001953125
975.6000366210938 1453.2000732421875
1053.60009765625 1396.800048828125
990.0000610351562 1401.60009765625
987.6000366210938 1472.4000244140625
820.800048828125 1412.4000244140625
952.800048828125 1455.60009765625
909.6000366210938 1454.4000244140625
979.2000122070312 1401.60009765625
926.4000244140625 1398.0
1130.4000244140625 1797.60009765625
1122.0 2200.800048828125
892.800048828125 1477.2000732421875
914.4000244140625 1401.60009765625
1140.0 1797.60009765625
825.6000366210938 1407.60009765625
891.6000366210938 1401.60009765625
679.2000122070312 1806.0001220703125
880.800048828125 1400.4000244140625
861.6000366210938 1405.2000732421875
902.4000244140625 1400.4000244140625
973.2000122070312 1454.4000244140625
1209.60009765625 1792.800048828125
955.2000122070312 1688.4000244140625
1244.4000244140625 1850.4000244140625
688.800048828125 1806.0001220703125
936.0000610351562 1411.2000732421875
961.2000122070312 1408.800048828125
1171.2000732421875 1858.800048828125
994.800048828125 1398.0
1066.800048828125 1406.4000244140625
672.0 2197.2001953125
1652.4000244140625 2139.60009765625
1201.2000732421875 1800.0001220703125
1681.2000732421875 2139.60009765625
715.2000122070312 1809.60009765625
850.800048828125 1408.800048828125
926.4000244140625 818.4000244140625
948.0000610351562 1447.2000732421875
747.6000366210938 1809.60009765625
61.20000076293945 2209.2001953125
961.2000122070312 1808.4000244140625
798.0000610351562 1412.4000244140625
1048.800048828125 1400.4000244140625
920.4000244140625 1406.4000244140625
1136.4000244140625 1792.800048828125
1624.800048828125 2140.800048828125
997.2000122070312 1398.0
930.0000610351562 1405.2000732421875
1608.0001220703125 2142.0
974.4000244140625 1479.60009765625
1060.800048828125 1399.2000732421875
1008.0000610351562 1407.60009765625
1113.60009765625 2202.0
1058.4000244140625 1806.0001220703125
968.4000244140625 1801.2000732421875
1006.800048828125 1398.0
838.800048828125 1408.800048828125
816.0000610351562 2182.800048828125
914.4000244140625 1450.800048828125
932.4000244140625 1406.4000244140625
1018.800048828125 1398.0
972.0000610351562 1480.800048828125
904.800048828125 1474.800048828125
850.800048828125 1405.2000732421875
1026.0 1687.2000732421875
816.0000610351562 1408.800048828125
1042.800048828125 1398.0
1168.800048828125 1792.800048828125
988.800048828125 1474.800048828125
1306.800048828125 2160.0
944.4000244140625 1406.4000244140625
897.6000366210938 1404.0
805.2000122070312 1408.800048828125
950.4000244140625 1399.2000732421875
811.2000122070312 1402.800048828125
982.800048828125 1480.800048828125
542.4000244140625 2206.800048828125
961.2000122070312 1400.4000244140625
1077.60009765625 1686.0001220703125
879.6000366210938 1411.2000732421875
903.6000366210938 1802.4000244140625
1168.800048828125 1801.2000732421875
1166.4000244140625 1855.2000732421875
682.800048828125 1856.4000244140625
914.4000244140625 1410.0
970.800048828125 1448.4000244140625
828.0000610351562 1690.800048828125
936.0000610351562 1830.0001220703125
926.4000244140625 1412.4000244140625
678.0 2190.0
973.2000122070312 1399.2000732421875
710.4000244140625 1806.0001220703125
810.0000610351562 1412.4000244140625
938.4000244140625 1400.4000244140625
1000.800048828125 1801.2000732421875
1141.2000732421875 1848.0001220703125
799.2000122070312 1414.800048828125
956.4000244140625 1405.2000732421875
1570.800048828125 2244.0
915.6000366210938 1412.4000244140625
926.4000244140625 1400.4000244140625
903.6000366210938 1412.4000244140625
973.2000122070312 1407.60009765625
834.0000610351562 2185.2001953125
1206.0 1795.2000732421875
967.2000122070312 1405.2000732421875
673.2000122070312 2205.60009765625
946.800048828125 1473.60009765625
796.800048828125 1414.800048828125
957.6000366210938 1473.60009765625
979.2000122070312 1405.2000732421875
799.2000122070312 1402.800048828125
1173.60009765625 1846.800048828125
1062.0 1401.60009765625
942.0000610351562 1405.2000732421875
990.0000610351562 1405.2000732421875
1014.0000610351562 1401.60009765625
949.2000122070312 1408.800048828125
721.2000122070312 1804.800048828125
1048.800048828125 1404.0
1036.800048828125 1404.0
1316.4000244140625 2161.2001953125
1026.0 1404.0
897.6000366210938 1407.60009765625
955.2000122070312 1473.60009765625
1124.4000244140625 1819.2000732421875
898.800048828125 1482.0
1012.800048828125 1293.60009765625
885.6000366210938 1407.60009765625
1014.0000610351562 1404.0
1003.2000122070312 1404.0
920.4000244140625 1404.0
940.800048828125 1280.4000244140625
858.0000610351562 1401.60009765625
951.6000366210938 1482.0
734.4000244140625 1826.4000244140625
1162.800048828125 1796.4000244140625
1173.60009765625 1796.4000244140625
855.6000366210938 1401.60009765625
970.800048828125 1398.0
925.2000122070312 967.2000122070312
1154.4000244140625 1683.60009765625
908.4000244140625 1404.0
885.6000366210938 1404.0
1020.0000610351562 1395.60009765625
1066.800048828125 1408.800048828125
902.4000244140625 1410.0
968.4000244140625 1447.2000732421875
908.4000244140625 1483.2000732421875
962.4000244140625 1454.4000244140625
1332.0 2158.800048828125
1480.800048828125 2107.2001953125
913.2000122070312 1448.4000244140625
962.4000244140625 1482.0
822.0000610351562 1414.800048828125
985.2000122070312 1815.60009765625
891.6000366210938 1689.60009765625
844.800048828125 1497.60009765625
960.0000610351562 1426.800048828125
1087.2000732421875 1491.60009765625
1194.0 1852.800048828125
896.4000244140625 1825.2000732421875
771.6000366210938 2187.60009765625
700.800048828125 1693.2000732421875
1080.0 1795.2000732421875
873.6000366210938 1407.60009765625
892.800048828125 1473.60009765625
1113.60009765625 1822.800048828125
950.4000244140625 1411.2000732421875
1155.60009765625 1860.0001220703125
670.800048828125 1813.2000732421875
1209.60009765625 1854.0001220703125
646.800048828125 1806.0001220703125
741.6000366210938 1824.0001220703125
772.800048828125 1833.60009765625
1137.60009765625 1821.60009765625
1564.800048828125 2239.2001953125
1188.0 1789.2000732421875
1173.60009765625 1788.0001220703125
1203.60009765625 1788.0001220703125
967.2000122070312 1830.0001220703125
1386.0 2078.400146484375
1038.0 1803.60009765625
844.800048828125 1411.2000732421875
1008.0000610351562 1410.0
884.4000244140625 1689.60009765625
873.6000366210938 1405.2000732421875
764.4000244140625 1692.0001220703125
676.800048828125 2208.0
855.6000366210938 2186.400146484375
771.6000366210938 1801.2000732421875
896.4000244140625 1809.60009765625
775.2000122070312 1804.800048828125
886.800048828125 1818.0001220703125
928.800048828125 1809.60009765625
812.4000244140625 1808.4000244140625
936.0000610351562 1802.4000244140625
1076.4000244140625 1870.800048828125
775.2000122070312 2191.2001953125
1020.0000610351562 1687.2000732421875
928.800048828125 1795.2000732421875
956.4000244140625 1448.4000244140625
902.4000244140625 1832.4000244140625
831.6000366210938 1810.800048828125
684.0 1863.60009765625
864.0000610351562 1810.800048828125
994.800048828125 2128.800048828125
153.60000610351562 2227.2001953125
913.2000122070312 1880.4000244140625
1082.4000244140625 1813.2000732421875
780.0000610351562 1808.4000244140625
752.4000244140625 1804.800048828125
940.800048828125 1483.2000732421875
963.6000366210938 1458.0
879.6000366210938 1413.60009765625
919.2000122070312 1483.2000732421875
799.2000122070312 1812.0001220703125
980.4000244140625 2203.2001953125
1114.800048828125 1812.0001220703125
234.00001525878906 2179.2001953125
885.6000366210938 1693.2000732421875
1125.60009765625 1812.0001220703125
710.4000244140625 2188.800048828125
940.800048828125 1806.0001220703125
1141.2000732421875 1683.60009765625
735.6000366210938 1819.2000732421875
846.0000610351562 1413.60009765625
838.800048828125 1803.60009765625
1135.2000732421875 1848.0001220703125
676.800048828125 1856.4000244140625
996.0000610351562 1407.60009765625
822.0000610351562 1819.2000732421875
951.6000366210938 1816.800048828125
1117.2000732421875 1574.4000244140625
757.2000122070312 1842.0001220703125
1071.60009765625 1824.0001220703125
837.6000366210938 1832.4000244140625
1274.4000244140625 2113.2001953125
790.800048828125 1819.2000732421875
855.6000366210938 1818.0001220703125
542.4000244140625 2187.60009765625
1606.800048828125 2108.400146484375
980.4000244140625 1276.800048828125
877.2000122070312 1807.2000732421875
832.800048828125 1412.4000244140625
908.4000244140625 1798.800048828125
673.2000122070312 1862.4000244140625
882.0000610351562 1803.60009765625
1243.2000732421875 1852.800048828125
1248.0 2109.60009765625
1005.6000366210938 1804.800048828125
1042.800048828125 1406.4000244140625
1172.4000244140625 1850.4000244140625
1016.4000244140625 1815.60009765625
974.4000244140625 1796.4000244140625
1464.0 2107.2001953125
1006.800048828125 1796.4000244140625
1132.800048828125 1856.4000244140625
871.2000122070312 1803.60009765625
967.2000122070312 344.4000244140625
1009.2000122070312 2128.800048828125
921.6000366210938 968.4000244140625
1018.800048828125 1807.2000732421875
1200.0 1854.0001220703125
1026.0 1807.2000732421875
896.4000244140625 1249.2000732421875
889.2000122070312 1249.2000732421875
871.2000122070312 1422.0
856.800048828125 1413.60009765625
919.2000122070312 1816.800048828125
1180.800048828125 1802.4000244140625
1130.4000244140625 1852.800048828125
982.800048828125 1419.60009765625
1482.0 2136.0
1051.2000732421875 1807.2000732421875
805.2000122070312 1833.60009765625
942.0000610351562 1797.60009765625
198.00001525878906 2148.0
1596.0001220703125 2102.400146484375
876.0000610351562 1827.60009765625
1179.60009765625 1851.60009765625
1123.2000732421875 1790.4000244140625
1065.60009765625 1827.60009765625
1070.4000244140625 1384.800048828125
1050.0 1814.4000244140625
908.4000244140625 1826.4000244140625
1026.0 1821.60009765625
1039.2000732421875 1795.2000732421875
1023.6000366210938 2128.800048828125
1204.800048828125 1858.800048828125
684.0 1801.2000732421875
920.4000244140625 1458.0
1033.2000732421875 1828.800048828125
934.800048828125 1472.4000244140625
1514.4000244140625 2145.60009765625
1070.4000244140625 1803.60009765625
812.4000244140625 1800.0001220703125
1039.2000732421875 1824.0001220703125
806.4000244140625 1804.800048828125
703.2000122070312 1812.0001220703125
876.0000610351562 1836.0001220703125
811.2000122070312 1837.2000732421875
1261.2000732421875 2160.0
1006.800048828125 1825.2000732421875
986.4000244140625 1808.4000244140625
908.4000244140625 1836.0001220703125
792.0000610351562 1812.0001220703125
1083.60009765625 1820.4000244140625
954.0000610351562 1808.4000244140625
831.6000366210938 1826.4000244140625
1018.800048828125 1821.60009765625
678.0 1868.4000244140625
856.800048828125 1810.800048828125
942.0000610351562 1826.4000244140625
726.0 1819.2000732421875
687.6000366210938 1860.0001220703125
1836.0001220703125 2152.800048828125
1058.4000244140625 1821.60009765625
1108.800048828125 1789.2000732421875
282.0 2211.60009765625
1233.60009765625 1831.2000732421875
1497.60009765625 2145.60009765625
952.800048828125 1434.0
1660.800048828125 2193.60009765625
954.0000610351562 1423.2000732421875
1116.0 1790.4000244140625
964.800048828125 2128.800048828125
843.6000366210938 1828.800048828125
909.6000366210938 1860.0001220703125
1130.4000244140625 1789.2000732421875
921.6000366210938 1809.60009765625
878.4000244140625 1412.6400146484375
864.0000610351562 1810.080078125
856.800048828125 1810.080078125
832.3200073242188 1810.080078125
1141.9200439453125 1797.1201171875
1203.840087890625 1859.0400390625
1128.9600830078125 1797.1201171875
1179.360107421875 1791.360107421875
954.7200317382812 1156.320068359375
823.6800537109375 1810.080078125
812.1600341796875 1810.080078125
779.0400390625 1810.080078125
747.3600463867188 1810.080078125
855.3600463867188 2185.920166015625
616.3200073242188 1856.1600341796875
1242.7200927734375 1853.280029296875
960.4800415039062 1808.6400146484375
953.280029296875 1808.6400146484375
1065.60009765625 1408.320068359375
928.800048828125 1808.6400146484375
714.2400512695312 1811.52001953125
907.2000122070312 1827.360107421875
920.1600341796875 1808.6400146484375
1009.4400634765625 2129.760009765625
888.4800415039062 1808.6400146484375
1031.0400390625 1408.320068359375
875.52001953125 1808.6400146484375
1054.080078125 1743.840087890625
1651.6800537109375 2141.280029296875
843.8400268554688 1808.6400146484375
1607.0400390625 2109.60009765625
780.4800415039062 1800.0001220703125
1025.280029296875 1807.2000732421875
1663.2000732421875 2141.280029296875
1058.4000244140625 1823.0400390625
434.8800048828125 2194.56005859375
1071.3599853515625 1823.0400390625
1018.0800170898438 1807.2000732421875
993.6000366210938 2129.760009765625
979.2000122070312 2129.760009765625
1084.320068359375 1687.6800537109375
993.6000366210938 1807.2000732421875
984.9600219726562 1807.2000732421875
940.3200073242188 1807.2000732421875
964.800048828125 2129.760009765625
908.6400146484375 1807.2000732421875
948.9600219726562 1411.2000732421875
645.1199951171875 1807.2000732421875
843.8400268554688 1798.56005859375
668.1600341796875 2197.440185546875
1044.0 1800.0001220703125
1113.1199951171875 1823.0400390625
908.6400146484375 1455.840087890625
963.3600463867188 1454.4000244140625
1058.4000244140625 1805.7601318359375
1051.2000732421875 1805.7601318359375
1193.760009765625 1853.280029296875
1038.239990234375 1805.7601318359375
1005.1200561523438 1805.7601318359375
1607.0400390625 2142.719970703125
973.4400634765625 1805.7601318359375
732.9600219726562 1827.360107421875
983.52001953125 1480.320068359375
1069.9200439453125 1794.2401123046875
773.280029296875 1805.7601318359375
721.4400024414062 1805.7601318359375
1133.280029296875 1834.56005859375
940.3200073242188 1480.320068359375
709.9200439453125 1805.7601318359375
950.4000244140625 1480.320068359375
969.1200561523438 1448.6400146484375
689.760009765625 1805.7601318359375
960.4800415039062 1824.4801025390625
1622.8800048828125 2142.719970703125
672.4800415039062 1801.4400634765625
790.56005859375 1827.360107421875
888.4800415039062 1249.9200439453125
891.3600463867188 1412.6400146484375
676.800048828125 1805.7601318359375
918.7200317382812 1481.760009765625
902.8800659179688 1412.6400146484375
920.1600341796875 1825.9200439453125
671.0400390625 1812.9600830078125
914.4000244140625 1412.6400146484375
993.6000366210938 1824.4801025390625
925.9200439453125 1412.6400146484375
1006.56005859375 1824.4801025390625
1069.9200439453125 1804.320068359375
882.7200317382812 1804.320068359375
1480.320068359375 2115.360107421875
869.760009765625 1804.320068359375
1038.239990234375 1824.4801025390625
1569.60009765625 2243.52001953125
974.8800659179688 1454.4000244140625
671.0400390625 1861.9200439453125
838.0800170898438 1804.320068359375
1679.0400390625 2139.840087890625
806.4000244140625 1804.320068359375
686.8800048828125 1861.9200439453125
799.2000122070312 1811.52001953125
1481.760009765625 2135.52001953125
963.3600463867188 829.4400634765625
1595.52001953125 2102.400146484375
888.4800415039062 1825.9200439453125
956.1600341796875 1248.4801025390625
1759.6800537109375 2102.400146484375
643.6800537109375 1804.320068359375
1019.52001953125 1396.800048828125
1042.56005859375 1396.800048828125
1054.080078125 1396.800048828125
774.7200317382812 2191.68017578125
961.9200439453125 1398.2401123046875
152.63999938964844 2227.68017578125
895.6800537109375 1825.9200439453125
1761.1201171875 2136.960205078125
797.760009765625 1414.080078125
928.800048828125 1825.9200439453125
809.280029296875 1414.080078125
972.0000610351562 1398.2401123046875
895.6800537109375 1810.080078125
711.3600463867188 2188.800048828125
996.4800415039062 1398.2401123046875
941.760009765625 1825.9200439453125
953.280029296875 1455.840087890625
1180.800048828125 1802.880126953125
855.3600463867188 1414.080078125
1147.6800537109375 1802.880126953125
1660.320068359375 2194.56005859375
682.5599975585938 1811.52001953125
1136.1600341796875 1802.880126953125
947.52001953125 1802.880126953125
934.56005859375 1802.880126953125
679.6800537109375 2191.68017578125
914.4000244140625 1802.880126953125
902.8800659179688 1802.880126953125
957.6000366210938 1448.6400146484375
973.4400634765625 1825.9200439453125
1330.56005859375 2160.0
912.9600219726562 1448.6400146484375
1075.6800537109375 1872.0001220703125
914.4000244140625 1399.6800537109375
925.9200439453125 1399.6800537109375
937.4400634765625 1399.6800537109375
921.6000366210938 969.1200561523438
948.9600219726562 1399.6800537109375
924.4800415039062 967.6800537109375
792.0000610351562 1811.52001953125
1167.840087890625 1801.4400634765625
1113.1199951171875 1811.52001953125
833.760009765625 1401.1199951171875
843.8400268554688 1401.1199951171875
540.0 2188.800048828125
999.3600463867188 1801.4400634765625
855.3600463867188 1401.1199951171875
60.480003356933594 2208.960205078125
891.3600463867188 1401.1199951171875
902.8800659179688 1401.1199951171875
665.280029296875 2191.68017578125
967.6800537109375 1801.4400634765625
875.52001953125 1827.360107421875
820.800048828125 1402.56005859375
770.4000244140625 1801.4400634765625
715.6800537109375 1801.4400634765625
982.0800170898438 1419.840087890625
1025.280029296875 1402.56005859375
1163.52001953125 1853.280029296875
908.6400146484375 1481.760009765625
1048.320068359375 1814.4000244140625
684.0 1801.4400634765625
1036.800048828125 1402.56005859375
1064.1600341796875 1828.800048828125
1077.1199951171875 1828.800048828125
934.56005859375 1830.2401123046875
871.2000122070312 1422.7200927734375
542.8800048828125 2207.52001953125
1048.320068359375 1402.56005859375
967.6800537109375 1830.2401123046875
1081.4400634765625 1814.4000244140625
334.08001708984375 2207.52001953125
1497.60009765625 2145.60009765625
972.0000610351562 1480.320068359375
977.760009765625 1404.0
983.52001953125 1815.840087890625
989.280029296875 1404.0
999.3600463867188 1830.2401123046875
961.9200439453125 1480.320068359375
1012.320068359375 1830.2401123046875
1016.6400146484375 1815.840087890625
668.1600341796875 1864.800048828125
1032.47998046875 1830.2401123046875
1512.0 2145.60009765625
1002.2400512695312 1404.0
885.6000366210938 1817.280029296875
918.7200317382812 1817.280029296875
931.6800537109375 1405.4400634765625
1236.9600830078125 1848.9600830078125
950.4000244140625 1817.280029296875
901.4400634765625 1831.6800537109375
943.2000122070312 1405.4400634765625
820.800048828125 1818.7200927734375
804.9600219726562 1833.1201171875
1385.280029296875 2079.360107421875
836.6400146484375 1833.1201171875
954.7200317382812 1405.4400634765625
940.3200073242188 1280.1600341796875
869.760009765625 1833.1201171875
966.2400512695312 1405.4400634765625
881.280029296875 1833.1201171875
1032.47998046875 1800.0001220703125
812.1600341796875 1800.0001220703125
853.9200439453125 1818.7200927734375
1091.52001953125 1818.7200927734375
1071.3599853515625 1833.1201171875
885.6000366210938 1406.8800048828125
897.1200561523438 1406.8800048828125
735.8400268554688 1820.1600341796875
672.4800415039062 2206.080078125
908.6400146484375 1406.8800048828125
462.2400207519531 2206.080078125
771.8400268554688 1834.56005859375
789.1200561523438 1820.1600341796875
1182.239990234375 2204.64013671875
1038.239990234375 1834.56005859375
1120.320068359375 2204.64013671875
1084.320068359375 1834.56005859375
1084.320068359375 1821.60009765625
1124.6400146484375 1821.60009765625
940.3200073242188 1836.0001220703125
1113.1199951171875 2203.2001953125
1136.1600341796875 1821.60009765625
1018.0800170898438 1836.0001220703125
920.1600341796875 1406.8800048828125
1025.280029296875 1836.0001220703125
792.0000610351562 1408.320068359375
803.52001953125 1408.320068359375
740.1600341796875 1823.0400390625
1316.1600341796875 2160.0
815.0400390625 1408.320068359375
826.56005859375 1408.320068359375
838.0800170898438 1408.320068359375
849.6000366210938 1408.320068359375
891.3600463867188 1477.4400634765625
862.56005859375 1408.320068359375
842.4000244140625 1837.4400634765625
875.52001953125 1837.4400634765625
1019.52001953125 1408.320068359375
437.760009765625 2190.239990234375
1018.0800170898438 1823.0400390625
1025.280029296875 1823.0400390625
671.0400390625 1866.2401123046875
1172.1600341796875 1848.9600830078125
1167.840087890625 1847.52001953125
712.800048828125 1854.7200927734375
1234.080078125 1846.080078125
908.6400146484375 1798.56005859375
1176.4801025390625 1854.7200927734375
833.760009765625 2184.47998046875
459.3600158691406 2204.64013671875
876.9600219726562 1798.56005859375
1198.080078125 1854.7200927734375
681.1200561523438 1856.1600341796875
1139.0400390625 1850.4000244140625
1081.4400634765625 1866.2401123046875
1137.60009765625 1846.080078125
1131.840087890625 1856.1600341796875
777.6000366210938 1838.880126953125
676.800048828125 1857.60009765625
709.9200439453125 1857.60009765625
1006.56005859375 1795.6800537109375
1154.8800048828125 1684.800048828125
581.760009765625 2211.840087890625
1163.52001953125 1857.60009765625
810.7200317382812 1838.880126953125
1038.239990234375 1795.6800537109375
1206.7200927734375 1795.6800537109375
1480.320068359375 2106.719970703125
925.9200439453125 819.3600463867188
901.4400634765625 2200.320068359375
1172.1600341796875 1788.4801025390625
1202.4000244140625 1788.4801025390625
956.1600341796875 1474.56005859375
1179.360107421875 1851.840087890625
1167.840087890625 1792.800048828125
1134.7200927734375 1792.800048828125
128.16000366210938 2177.280029296875
1277.280029296875 2161.440185546875
946.0800170898438 1474.56005859375
1121.760009765625 2201.760009765625
1707.840087890625 2138.400146484375
1123.2000732421875 1792.800048828125
941.760009765625 1797.1201171875
924.4800415039062 1474.56005859375
816.4800415039062 2183.0400390625
987.8400268554688 1473.1201171875
1111.6800537109375 1887.840087890625
757.4400024414062 1883.52001953125
1173.60009765625 1797.1201171875
1188.0 1789.9200439453125
1162.080078125 1797.1201171875
1080.0 1797.1201171875
993.6000366210938 1836.0001220703125
724.3200073242188 1820.1600341796875
1622.5921630859375 2140.9921875
864.0000610351562 1807.4881591796875
1050.6241455078125 1804.0322265625
876.0960693359375 1807.4881591796875
1479.1680908203125 2115.072265625
805.248046875 1804.0322265625
786.2400512695312 1804.0322265625
722.3040771484375 1804.0322265625
708.4800415039062 1804.0322265625
926.2080688476562 819.0720825195312
779.3280639648438 1809.2161865234375
948.672119140625 1802.30419921875
1596.672119140625 2099.520263671875
333.5040283203125 2204.92822265625
1168.1280517578125 1790.2081298828125
902.01611328125 1802.30419921875
1109.3760986328125 1814.400146484375
907.2000732421875 1404.8641357421875
883.008056640625 1802.30419921875
1707.26416015625 2137.5361328125
869.18408203125 1802.30419921875
896.8320922851562 1404.8641357421875
1512.0001220703125 2144.4482421875
777.60009765625 1838.5921630859375
1026.43212890625 1823.0401611328125
815.6160888671875 2182.464111328125
770.6880493164062 1802.30419921875
933.1201171875 1829.9521484375
876.0960693359375 1836.8641357421875
965.9520874023438 1829.9521484375
127.87200927734375 2177.2802734375
542.592041015625 2206.65625
1045.4400634765625 1800.576171875
1567.296142578125 2244.672119140625
1650.2401123046875 2139.26416015625
459.6480407714844 2203.2001953125
1181.9521484375 2204.92822265625
1012.6080932617188 1800.576171875
998.7841186523438 1800.576171875
810.4320678710938 1838.5921630859375
539.1360473632812 2187.648193359375
668.736083984375 2191.104248046875
907.2000732421875 1836.8641357421875
979.776123046875 1800.576171875
965.9520874023438 1800.576171875
1012.6080932617188 2128.896240234375
836.35205078125 1804.0322265625
1679.6162109375 2139.26416015625
1479.1680908203125 2106.43212890625
1138.7520751953125 1847.232177734375
1161.216064453125 1854.1441650390625
819.0720825195312 1804.0322265625
1121.4720458984375 2203.2001953125
1031.6160888671875 1798.84814453125
933.1201171875 1802.30419921875
715.39208984375 1798.84814453125
1005.6961059570312 1835.13623046875
1142.2081298828125 1797.1201171875
919.2960815429688 1404.8641357421875
1128.3841552734375 1797.1201171875
1135.296142578125 1791.9361572265625
672.1920776367188 1862.7841796875
1607.0401611328125 2140.9921875
836.35205078125 1831.68017578125
1175.0401611328125 1795.3922119140625
1161.216064453125 1795.3922119140625
770.6880493164062 1831.68017578125
673.9200439453125 2203.2001953125
60.48000717163086 2206.65625
915.840087890625 1802.30419921875
1195.776123046875 1852.4161376953125
1759.1041259765625 2101.248291015625
677.3760375976562 1855.8721923828125
869.18408203125 1831.68017578125
680.8320922851562 1855.8721923828125
1038.528076171875 1833.408203125
1207.8720703125 1793.6641845703125
883.008056640625 1831.68017578125
437.1840515136719 2189.376220703125
1031.6160888671875 1828.22412109375
952.1281127929688 1805.7601318359375
1064.4481201171875 1828.22412109375
433.72802734375 2192.832275390625
1071.360107421875 1833.408203125
1760.8321533203125 2135.80810546875
1017.7921142578125 1805.7601318359375
888.1920776367188 1807.4881591796875
1071.360107421875 1804.0322265625
682.56005859375 1810.9442138671875
1026.43212890625 1804.0322265625
1012.6080932617188 1403.1361083984375
1135.296142578125 1802.30419921875
741.3120727539062 1821.3121337890625
812.1600952148438 1809.2161865234375
791.424072265625 1809.2161865234375
965.9520874023438 1403.1361083984375
1017.7921142578125 1823.0401611328125
993.60009765625 1824.7681884765625
1235.5201416015625 1845.504150390625
931.39208984375 1404.8641357421875
921.0241088867188 1807.4881591796875
1200.9600830078125 1800.576171875
908.9281005859375 1807.4881591796875
896.8320922851562 1807.4881591796875
844.9920654296875 1809.2161865234375
884.736083984375 1404.8641357421875
1276.9920654296875 2161.728271484375
843.2640991210938 1826.4962158203125
1059.26416015625 1823.0401611328125
855.360107421875 1807.4881591796875
896.8320922851562 1826.4962158203125
927.9360961914062 1824.7681884765625
1038.528076171875 1823.0401611328125
1002.2401123046875 1403.1361083984375
69.12001037597656 2201.47216796875
832.8960571289062 1807.4881591796875
907.2000732421875 1824.7681884765625
784.5120849609375 1833.408203125
979.776123046875 1829.9521484375
1038.528076171875 1805.7601318359375
876.0960693359375 1797.1201171875
1005.6961059570312 1805.7601318359375
993.60009765625 1805.7601318359375
984.9600830078125 1805.7601318359375
965.9520874023438 2128.896240234375
817.3440551757812 1833.408203125
1017.7921142578125 1833.408203125
822.528076171875 1807.4881591796875
815.6160888671875 1408.3201904296875
979.776123046875 2128.896240234375
983.2321166992188 1814.400146484375
1038.528076171875 1793.6641845703125
831.1680908203125 1828.22412109375
1045.4400634765625 1828.22412109375
1078.2720947265625 1828.22412109375
1112.8321533203125 2201.47216796875
981.5040893554688 1420.4161376953125
855.360107421875 2184.192138671875
1123.2000732421875 1791.9361572265625
801.7920532226562 1864.51220703125
993.60009765625 2128.896240234375
960.76806640625 1805.7601318359375
834.6240844726562 2184.192138671875
943.4880981445312 1404.8641357421875
850.1760864257812 1406.5921630859375
1138.7520751953125 1788.480224609375
955.5841064453125 1404.8641357421875
1498.1761474609375 2144.4482421875
1634.6881103515625 2140.9921875
1131.840087890625 1788.480224609375
825.9840698242188 1406.5921630859375
1012.6080932617188 1829.9521484375
686.0160522460938 1862.7841796875
1178.49609375 1852.4161376953125
1607.0401611328125 2108.16015625
1005.6961059570312 1793.6641845703125
972.8640747070312 1795.3922119140625
1014.3361206054688 1814.400146484375
972.8640747070312 1835.13623046875
1047.1680908203125 1812.672119140625
152.0640106201172 2225.664306640625
665.2800903320312 2191.104248046875
1112.8321533203125 1810.9442138671875
737.8560791015625 1817.856201171875
924.4801025390625 969.4080810546875
1480.8961181640625 2134.080322265625
1080.0001220703125 1795.3922119140625
1721.088134765625 2137.5361328125
910.6560668945312 1838.5921630859375
1137.0240478515625 1819.584228515625
960.76806640625 1824.7681884765625
1667.5201416015625 2096.064208984375
1188.8641357421875 1790.2081298828125
846.7200927734375 2204.92822265625
774.14404296875 2191.104248046875
1496.4481201171875 2077.05615234375
972.8640747070312 1823.0401611328125
855.360107421875 1826.4962158203125
864.0000610351562 1826.4962158203125
1104.192138671875 1804.0322265625
950.4000854492188 1816.128173828125
969.4080810546875 1448.0640869140625
914.112060546875 1399.68017578125
1050.6241455078125 1823.0401611328125
1005.6961059570312 1823.0401611328125
644.5440673828125 1805.7601318359375
767.2320556640625 1828.22412109375
689.4720458984375 1805.7601318359375
857.0880737304688 2175.55224609375
972.8640747070312 1396.22412109375
1204.4161376953125 1845.504150390625
1019.5200805664062 1396.22412109375
1660.608154296875 2192.832275390625
1460.16015625 2115.072265625
1009.152099609375 2128.896240234375
1112.8321533203125 1886.9761962890625
862.2720947265625 1406.5921630859375
832.8960571289062 1401.4080810546875
1080.0001220703125 1812.672119140625
1080.0001220703125 1864.51220703125
1071.360107421875 1821.3121337890625
993.60009765625 1795.3922119140625
1081.7281494140625 1802.30419921875
800.0640869140625 1828.22412109375
679.1040649414062 2189.376220703125
950.4000854492188 1479.1680908203125
680.8320922851562 1797.1201171875
820.800048828125 1401.4080810546875
1026.43212890625 1833.408203125
941.7600708007812 1795.3922119140625
552.9600830078125 2208.38427734375
406.0800476074219 2201.47216796875
787.9680786132812 1817.856201171875
820.800048828125 1817.856201171875
746.49609375 1810.9442138671875
884.736083984375 1817.856201171875
1047.1680908203125 1401.4080810546875
1083.4560546875 1821.3121337890625
888.1920776367188 1826.4962158203125
917.568115234375 1816.128173828125
902.01611328125 1399.68017578125
1071.360107421875 1791.9361572265625
1180.22412109375 1800.576171875
705.0240478515625 1800.576171875
1009.152099609375 1836.8641357421875
1171.5841064453125 1786.752197265625
945.216064453125 1473.984130859375
1104.192138671875 1883.5201416015625
955.5841064453125 1247.6160888671875
789.696044921875 1828.22412109375
1238.97607421875 1842.0482177734375
1024.7041015625 1401.4080810546875
756.8640747070312 1883.5201416015625
1022.97607421875 1854.1441650390625
1050.6241455078125 1833.408203125
1036.800048828125 1401.4080810546875
978.048095703125 1403.1361083984375
1059.26416015625 1833.408203125
1211.328125 1854.1441650390625
1147.39208984375 1800.576171875
670.4640502929688 1810.9442138671875
898.56005859375 1480.8961181640625
1092.0960693359375 1835.13623046875
993.60009765625 1835.13623046875
727.4880981445312 1800.576171875
888.1920776367188 1249.3441162109375
984.9600830078125 1824.7681884765625
812.1600952148438 1797.1201171875
803.5200805664062 1408.3201904296875
1328.8321533203125 2158.272216796875
1180.22412109375 1790.2081298828125
933.1201171875 1830.989013671875
435.4560546875 2191.79541015625
541.2096557617188 2206.310791015625
1660.953857421875 2195.942626953125
887.5009155273438 1828.9154052734375
926.8993530273438 821.1456909179688
843.955322265625 1797.8114013671875
1026.43212890625 1797.8114013671875
949.7089233398438 1801.9586181640625
843.955322265625 1810.2530517578125
883.3536987304688 1833.0626220703125
933.1201171875 1801.9586181640625
1082.4193115234375 1824.768310546875
1679.6162109375 2139.95556640625
984.9601440429688 1833.0626220703125
995.328125 1833.0626220703125
128.56321716308594 2177.2802734375
1123.891357421875 1793.664306640625
1461.88818359375 2117.14599609375
715.39208984375 1799.885009765625
984.9601440429688 1826.841796875
1650.5858154296875 2139.95556640625
1706.572998046875 2137.8818359375
1760.4866943359375 2135.808349609375
802.4833374023438 1833.0626220703125
675.9937133789062 1806.1058349609375
846.0289306640625 2206.310791015625
1480.5506591796875 2133.734619140625
767.2321166992188 1830.989013671875
68.4288101196289 2202.16357421875
823.2192993164062 1808.179443359375
1059.6097412109375 1833.0626220703125
800.4097290039062 1808.179443359375
790.0416870117188 1808.179443359375
916.5313110351562 1830.989013671875
835.660888671875 1833.0626220703125
790.0416870117188 1830.989013671875
899.9425048828125 1830.989013671875
1181.9521484375 2206.310791015625
1607.040283203125 2110.925048828125
460.3392639160156 2204.237060546875
539.1360473632812 2189.721923828125
673.9201049804688 2202.16357421875
1179.8785400390625 1799.885009765625
1082.4193115234375 1830.989013671875
553.6513061523438 2208.38427734375
1758.4130859375 2102.630615234375
333.8496398925781 2204.237060546875
1061.683349609375 1799.885009765625
980.8129272460938 1830.989013671875
1092.787353515625 1835.13623046875
1069.977783203125 1806.1058349609375
941.41455078125 1795.73779296875
1169.5106201171875 1789.51708984375
1146.700927734375 1799.885009765625
798.3361206054688 1837.2098388671875
1478.47705078125 2117.14599609375
1565.5682373046875 2239.48828125
997.4017333984375 1828.9154052734375
1049.24169921875 1804.0322265625
887.5009155273438 1806.1058349609375
995.328125 1804.0322265625
800.4097290039062 1864.1666259765625
723.6865234375 1806.1058349609375
984.9601440429688 1804.0322265625
707.0977172851562 1806.1058349609375
804.556884765625 1804.0322265625
605.4912719726562 2214.605224609375
1013.9905395507812 1830.989013671875
980.8129272460938 1801.9586181640625
966.2977294921875 1801.9586181640625
1047.1680908203125 1799.885009765625
1030.579345703125 1799.885009765625
767.2321166992188 1837.2098388671875
1072.0513916015625 1835.13623046875
916.5313110351562 1804.0322265625
779.6737060546875 1812.32666015625
918.6049194335938 1835.13623046875
1111.44970703125 1812.32666015625
1030.579345703125 1828.9154052734375
1142.5537109375 1797.8114013671875
1026.43212890625 1833.0626220703125
831.5137329101562 1828.9154052734375
1026.43212890625 1804.0322265625
908.2369384765625 1810.2530517578125
1013.9905395507812 1814.4002685546875
769.3057250976562 1808.179443359375
928.972900390625 1806.1058349609375
819.0721435546875 1835.13623046875
864.6913452148438 1828.9154052734375
868.8385009765625 1804.0322265625
1047.1680908203125 1828.9154052734375
852.2496948242188 1804.0322265625
835.660888671875 1804.0322265625
1026.43212890625 1826.841796875
771.3793334960938 1804.0322265625
1059.6097412109375 1824.768310546875
671.8464965820312 1810.2530517578125
877.1329345703125 1810.2530517578125
1764.6337890625 2233.267578125
964.22412109375 1828.9154052734375
997.4017333984375 2131.6611328125
609.6384887695312 2216.6787109375
1511.6546630859375 2144.102783203125
1499.2130126953125 2144.102783203125
1636.0706787109375 2142.029052734375
928.972900390625 1828.9154052734375
1063.7569580078125 1828.9154052734375
1146.700927734375 1793.664306640625
897.868896484375 1806.1058349609375
928.972900390625 1835.13623046875
1621.555419921875 2142.029052734375
1136.3330078125 1789.51708984375
1128.03857421875 1797.8114013671875
1692.057861328125 2139.95556640625
1567.641845703125 2245.709228515625
1013.9905395507812 1801.9586181640625
1167.43701171875 1804.0322265625
908.2369384765625 1795.73779296875
908.2369384765625 1824.768310546875
949.7089233398438 1816.473876953125
557.7984619140625 2204.237060546875
926.8993530273438 827.3665161132812
1121.8177490234375 2204.237060546875
1047.1680908203125 1862.093017578125
613.7857055664062 1857.94580078125
1005.6961669921875 1808.179443359375
779.6737060546875 1797.8114013671875
1005.6961669921875 1793.664306640625
1171.5841064453125 1847.577880859375
984.9601440429688 1797.8114013671875
1200.6146240234375 1801.9586181640625
1163.289794921875 1855.872314453125
1138.4066162109375 1847.577880859375
870.912109375 1424.5633544921875
812.851318359375 1797.8114013671875
1038.873779296875 1822.6947021484375
785.89453125 1820.62109375
1644.364990234375 2094.336181640625
1080.345703125 1797.8114013671875
837.7344970703125 1916.0067138671875
1764.6337890625 2191.79541015625
777.60009765625 1841.3570556640625
1208.908935546875 1795.73779296875
1196.4674072265625 1853.7987060546875
968.371337890625 2131.6611328125
856.3969116210938 2185.57470703125
1165.3634033203125 1789.51708984375
854.3233032226562 1837.2098388671875
1069.977783203125 1868.3138427734375
1005.6961669921875 1837.2098388671875
1078.2720947265625 1812.32666015625
756.8641357421875 1841.3570556640625
1036.8001708984375 1837.2098388671875
1040.9473876953125 1837.2098388671875
1113.5233154296875 1889.0499267578125
1596.6722412109375 2100.55712890625
908.2369384765625 1839.283447265625
875.059326171875 1839.283447265625
124.416015625 2181.427490234375
980.8129272460938 1420.416259765625
1237.9393310546875 1843.4306640625
949.7089233398438 1830.989013671875
1094.8609619140625 1851.72509765625
962.1505126953125 1835.13623046875
1132.185791015625 1789.51708984375
1011.9169311523438 2129.58740234375
831.5137329101562 1837.2098388671875
754.79052734375 1882.8291015625
899.9425048828125 1818.5474853515625
1030.579345703125 1814.4002685546875
852.2496948242188 1818.5474853515625
1047.1680908203125 1814.4002685546875
1026.43212890625 2129.58740234375
238.4640350341797 2187.648193359375
916.5313110351562 1816.473876953125
941.41455078125 1824.768310546875
819.0721435546875 1818.5474853515625
933.1201171875 1816.473876953125
980.8129272460938 1816.473876953125
777.60009765625 1826.841796875
883.3536987304688 1816.473876953125
1038.873779296875 1793.664306640625
1063.7569580078125 1814.4002685546875
682.2144775390625 1814.4002685546875
153.44642639160156 2227.046630859375
678.0673217773438 1855.872314453125
176.2560272216797 2204.237060546875
734.0545043945312 1895.2706298828125
1005.6961669921875 1822.6947021484375
85.01760864257812 2119.219482421875
800.4097290039062 1934.6690673828125
926.8993530273438 802.4833374023438
1059.6097412109375 1864.1666259765625
808.7041015625 1841.3570556640625
1103.1553955078125 1882.8291015625
1024.3585205078125 1855.872314453125
1069.977783203125 1791.5906982421875
669.7728881835938 1864.1666259765625
665.6256713867188 2191.79541015625
748.5697021484375 1841.3570556640625
887.5009155273438 1252.45458984375
682.2144775390625 1797.8114013671875
858.4705200195312 2177.2802734375
1080.345703125 1866.240234375
1277.3377685546875 2162.76513671875
835.660888671875 1818.5474853515625
964.22412109375 1816.473876953125
1103.1553955078125 2177.2802734375
1677.1280517578125 2137.46728515625
1721.9178466796875 2137.46728515625
126.90435028076172 2177.280517578125
604.6619262695312 2214.605224609375
335.92327880859375 2204.652099609375
1622.385009765625 2139.955810546875
995.3282470703125 1831.4039306640625
1642.2916259765625 2092.677734375
918.1903076171875 1831.4039306640625
962.9800415039062 1828.9156494140625
539.965576171875 2189.72216796875
1565.1536865234375 2239.488525390625
898.2837524414062 1831.4039306640625
1047.5830078125 1799.0557861328125
768.8910522460938 1833.892333984375
176.67076110839844 2207.140380859375
1649.756591796875 2139.955810546875
1062.512939453125 1828.9156494140625
674.3348999023438 2202.163818359375
885.8421020507812 1831.4039306640625
1664.6865234375 2139.955810546875
1692.0579833984375 2139.955810546875
985.3749389648438 1828.9156494140625
1560.177001953125 2241.976806640625
1181.9522705078125 2207.140380859375
865.935546875 1801.5440673828125
1567.6419677734375 2244.465087890625
918.1903076171875 1801.5440673828125
930.6318969726562 1831.4039306640625
1662.1981201171875 2194.69873046875
885.8421020507812 1804.032470703125
1082.41943359375 1826.4273681640625
435.45611572265625 2192.21044921875
1510.41064453125 2144.932373046875
1060.0245361328125 1801.5440673828125
1094.861083984375 1833.892333984375
801.2392578125 1806.520751953125
1027.6763916015625 1801.5440673828125
982.8866577148438 1801.5440673828125
853.4939575195312 1804.032470703125
1065.001220703125 1851.310546875
1094.861083984375 1851.310546875
950.5384521484375 1801.5440673828125
930.6318969726562 1801.5440673828125
1015.2348022460938 1828.9156494140625
898.2837524414062 1804.032470703125
833.58740234375 1831.4039306640625
1463.1324462890625 2117.560791015625
1607.455078125 2110.095947265625
1030.1646728515625 1828.9156494140625
405.59625244140625 2204.652099609375
1632.3382568359375 2134.97900390625
609.6385498046875 2217.09375
1761.73095703125 2134.97900390625
539.965576171875 2207.140380859375
1759.24267578125 2102.630859375
865.935546875 1831.4039306640625
1706.9879150390625 2137.46728515625
756.449462890625 1841.357177734375
806.2158813476562 1930.936767578125
1027.6763916015625 1853.798828125
753.9611206054688 1883.65869140625
1104.8143310546875 1881.17041015625
821.1458129882812 1833.892333984375
1766.7076416015625 2232.023681640625
980.3983154296875 1816.4739990234375
995.3282470703125 1799.0557861328125
841.0523681640625 1911.0302734375
1012.7464599609375 1813.9857177734375
908.2369995117188 1823.93896484375
778.8443603515625 1826.4273681640625
1079.93115234375 1799.0557861328125
883.3538208007812 1816.4739990234375
1124.720947265625 1881.17041015625
801.2392578125 1833.892333984375
1037.629638671875 1856.287109375
1072.4661865234375 1866.240478515625
1174.4873046875 1809.009033203125
875.8888549804688 1823.93896484375
731.5662231445312 1893.6119384765625
853.4939575195312 1833.892333984375
350.85321044921875 2222.0703125
1045.0946044921875 1813.9857177734375
1050.0712890625 1861.2637939453125
343.38824462890625 2224.55859375
980.3983154296875 2132.49072265625
1764.21923828125 2192.21044921875
813.6808471679688 1918.4951171875
997.8165283203125 2132.49072265625
788.797607421875 1833.892333984375
821.1458129882812 1804.032470703125
935.6085205078125 1816.4739990234375
1122.2325439453125 2202.163818359375
1480.55078125 2132.49072265625
1099.837646484375 1833.892333984375
460.33929443359375 2204.652099609375
1065.001220703125 1813.9857177734375
1124.720947265625 1794.0791015625
980.3983154296875 1420.8310546875
1114.767578125 1888.6353759765625
84.60289764404297 2112.584228515625
843.5406494140625 1811.4974365234375
1047.5830078125 1828.9156494140625
972.933349609375 1821.45068359375
1129.697509765625 1883.65869140625
875.8888549804688 1811.4974365234375
798.7509155273438 1863.7520751953125
843.5406494140625 1823.93896484375
818.657470703125 1923.4718017578125
151.7875518798828 2227.046875
1012.7464599609375 2130.00244140625
786.309326171875 1818.96240234375
741.51953125 1818.96240234375
1124.720947265625 1893.6119384765625
915.7019653320312 1816.4739990234375
609.6385498046875 2194.69873046875
846.0289916992188 2207.140380859375
768.8910522460938 1806.520751953125
950.5384521484375 1831.4039306640625
855.9822998046875 2184.745361328125
838.5640258789062 1818.96240234375
1005.281494140625 1821.45068359375
607.1502075195312 2222.0703125
1114.767578125 1858.7755126953125
1077.44287109375 1813.9857177734375
684.2881469726562 2197.18701171875
554.8955078125 2207.140380859375
1134.6741943359375 1789.1025390625
928.1435546875 803.7275390625
1497.968994140625 2132.49072265625
1147.1158447265625 1799.0557861328125
1035.141357421875 1848.8221435546875
1400.9244384765625 2107.607421875
811.1925048828125 1838.868896484375
1201.85888671875 1804.032470703125
1754.2659912109375 2192.21044921875
788.797607421875 1868.728759765625
818.657470703125 1913.5185546875
801.2392578125 1923.4718017578125
756.449462890625 1858.7755126953125
928.1435546875 2179.768798828125
858.4705810546875 2177.280517578125
821.1458129882812 1858.7755126953125
1032.653076171875 1813.9857177734375
719.1246337890625 1891.1236572265625
948.0501708984375 1816.4739990234375
89.57954406738281 2152.397216796875
1060.0245361328125 1863.7520751953125
798.7509155273438 1933.425048828125
724.101318359375 1901.076904296875
744.0078735351562 1863.7520751953125
1167.0223388671875 1789.1025390625
875.8888549804688 1838.868896484375
1167.0223388671875 2042.9112548828125
806.2158813476562 1818.96240234375
186.62403869628906 2107.607421875
818.657470703125 1818.96240234375
1082.41943359375 1871.217041015625
748.9844970703125 1841.357177734375
778.8443603515625 1841.357177734375
843.5406494140625 1838.868896484375
870.9122314453125 1423.3193359375
965.4683837890625 2132.49072265625
1171.9990234375 1848.8221435546875
1072.4661865234375 1383.5062255859375
1027.6763916015625 2130.00244140625
1084.9078369140625 1846.3338623046875
1597.5018310546875 2100.142578125
1104.8143310546875 2177.280517578125
724.101318359375 1886.14697265625
908.2369995117188 1838.868896484375
1072.4661865234375 1836.380615234375
1704.4996337890625 2095.166015625
995.3282470703125 1385.99462890625
726.589599609375 1804.032470703125
865.9356079101562 1830.40869140625
985.375 1827.4227294921875
1651.2496337890625 2099.147216796875
1074.95458984375 1812.4927978515625
1033.1507568359375 1854.2965087890625
1039.1226806640625 1424.314697265625
874.8935546875 1821.45068359375
800.243896484375 1803.5347900390625
1663.1934814453125 2233.5166015625
961.4871215820312 1830.40869140625
1027.1787109375 1827.4227294921875
719.622314453125 1890.12841796875
898.7814331054688 1800.548828125
128.3973388671875 2176.782958984375
1116.75830078125 1887.142333984375
1048.0806884765625 1827.4227294921875
898.7814331054688 1830.40869140625
883.8515014648438 1830.40869140625
788.2999877929688 1851.310546875
1060.024658203125 1827.4227294921875
1006.27685546875 1809.5068359375
674.8325805664062 2200.6708984375
833.0897827148438 1830.40869140625
403.1079406738281 2200.6708984375
728.580322265625 1890.12841796875
1400.4268798828125 2105.119384765625
334.4302978515625 2200.6708984375
1173.4920654296875 1809.5068359375
788.2999877929688 1803.5347900390625
1086.8984375 1848.3245849609375
1567.6419677734375 2242.474609375
1057.03857421875 1860.2685546875
1063.0106201171875 1848.3245849609375
907.7393798828125 1821.45068359375
994.3329467773438 1827.4227294921875
788.2999877929688 1866.240478515625
1033.1507568359375 1848.3245849609375
919.683349609375 1830.40869140625
931.6272583007812 1830.40869140625
256.794677734375 2233.5166015625
1764.717041015625 2230.53076171875
1027.1787109375 1851.310546875
839.0617065429688 1818.4647216796875
152.28521728515625 2224.55859375
919.683349609375 2176.782958984375
1113.7723388671875 1860.2685546875
1618.40380859375 2140.951171875
1660.20751953125 2194.69873046875
1507.92236328125 2140.951171875
1498.96435546875 2140.951171875
1098.8424072265625 1830.40869140625
146.31326293945312 2215.600830078125
1702.0113525390625 2137.965087890625
1693.0533447265625 2137.965087890625
606.1549072265625 2212.61474609375
346.3742370605469 2212.61474609375
722.6083374023438 1896.100341796875
612.1268920898438 2194.69873046875
1478.0625 2117.063232421875
1182.449951171875 2206.642822265625
185.1310577392578 2105.119384765625
1675.137451171875 2137.965087890625
1663.1934814453125 2137.965087890625
1065.99658203125 1812.4927978515625
1648.263671875 2137.965087890625
1761.7310791015625 2191.712890625
1636.3197021484375 2137.965087890625
1606.4598388671875 2137.965087890625
1722.9132080078125 2134.979248046875
806.2158813476562 1818.4647216796875
743.5101928710938 1884.1563720703125
773.3700561523438 1818.4647216796875
176.173095703125 2206.642822265625
1758.7449951171875 2131.9931640625
1606.4598388671875 2111.09130859375
1009.2628784179688 1815.478759765625
934.6132202148438 1815.478759765625
1460.1466064453125 2114.0771484375
913.7113647460938 1815.478759765625
880.8655395507812 1815.478759765625
848.0196533203125 1815.478759765625
821.1458129882812 1854.2965087890625
1071.968505859375 1382.510986328125
779.342041015625 1812.4927978515625
1128.7022705078125 1884.1563720703125
812.1878662109375 1857.2825927734375
1498.96435546875 2131.9931640625
982.3889770507812 2131.9931640625
800.243896484375 1922.9742431640625
803.2299194335938 1928.9461669921875
1071.968505859375 1866.240478515625
815.173828125 1917.002197265625
928.6412963867188 821.1458129882812
737.5382690429688 1863.2545166015625
1042.108642578125 1812.4927978515625
1051.066650390625 1857.2825927734375
752.4681396484375 1881.17041015625
1033.1507568359375 1812.4927978515625
943.5711669921875 1812.4927978515625
1200.3658447265625 1803.5347900390625
979.4030151367188 1421.3287353515625
976.4170532226562 1812.4927978515625
1095.8564453125 1875.198486328125
537.477294921875 2188.726806640625
731.5662841796875 1866.240478515625
997.3189086914062 2129.007080078125
435.95379638671875 2188.726806640625
1012.2488403320312 2129.007080078125
931.6272583007812 1800.548828125
1027.1787109375 2129.007080078125
749.482177734375 1839.36669921875
1478.0625 2129.007080078125
1176.47802734375 1794.576904296875
812.1878662109375 1812.4927978515625
856.9776611328125 2179.768798828125
1080.926513671875 1827.4227294921875
1669.16552734375 2096.161376953125
1104.8143310546875 1857.2825927734375
1660.20751953125 2099.147216796875
785.3140258789062 1857.2825927734375
1101.828369140625 1878.1844482421875
1119.7442626953125 2200.6708984375
997.3189086914062 1382.510986328125
815.173828125 1361.609130859375
755.4541625976562 1854.2965087890625
961.4871215820312 1800.548828125
952.5291748046875 1800.548828125
1167.52001953125 2042.41357421875
1466.1185302734375 2099.147216796875
1143.6322021484375 1794.576904296875
919.683349609375 1800.548828125
770.3840942382812 1803.5347900390625
871.9075927734375 1424.314697265625
994.3329467773438 1800.548828125
842.0477294921875 1911.0302734375
767.3980712890625 1875.198486328125
1663.1934814453125 2239.488525390625
229.92083740234375 2152.89501953125
1597.5018310546875 2099.147216796875
653.9306640625 1818.4647216796875
555.3931884765625 2203.65673828125
812.1878662109375 1388.48291015625
459.8416748046875 2203.65673828125
928.6412963867188 2179.768798828125
1080.926513671875 1869.2264404296875
1039.1226806640625 1813.0899658203125
1723.510498046875 2135.576416015625
1673.345947265625 2135.576416015625
723.802734375 1895.503173828125
1497.77001953125 2139.15966796875
1092.8704833984375 1820.25634765625
1504.9364013671875 2139.15966796875
1085.7041015625 1848.921875
225.74046325683594 2142.74267578125
906.5449829101562 1816.6732177734375
738.1354370117188 1863.2545166015625
874.29638671875 1816.6732177734375
766.8009033203125 1852.5050048828125
842.0477294921875 1816.6732177734375
1415.3568115234375 2243.07177734375
1666.1795654296875 2135.576416015625
1031.9564208984375 1852.5050048828125
809.799072265625 1816.6732177734375
777.5504760742188 1816.6732177734375
1565.8504638671875 2239.48876953125
1476.2708740234375 2117.660400390625
816.9654541015625 1856.0882568359375
1096.45361328125 1831.0059814453125
1168.1173095703125 2038.8304443359375
1644.680419921875 2135.576416015625
1662.596435546875 2232.322265625
652.1390991210938 1816.6732177734375
978.2086181640625 1422.523193359375
816.9654541015625 1917.0023193359375
1755.7591552734375 2103.32763671875
1071.371337890625 1813.0899658203125
799.049560546875 1924.168701171875
437.148193359375 2189.32421875
1006.8740844726562 1813.0899658203125
971.0422973632812 1813.0899658203125
1608.8486328125 2135.576416015625
938.7936401367188 1813.0899658203125
1401.0240478515625 2103.32763671875
1497.77001953125 2131.9931640625
182.74227905273438 2103.32763671875
748.885009765625 1838.1722412109375
1476.2708740234375 2124.826904296875
229.32363891601562 2153.4921875
1053.4554443359375 1856.0882568359375
920.8777465820312 2174.991455078125
1110.786376953125 1856.0882568359375
1200.365966796875 1805.9237060546875
1762.9254150390625 2228.739013671875
856.3804931640625 2178.574462890625
799.049560546875 1343.6932373046875
1469.1046142578125 2099.74462890625
770.3840942382812 1874.004150390625
1759.34228515625 2128.409912109375
877.8795776367188 2182.15771484375
698.720458984375 2185.740966796875
935.21044921875 802.6327514648438
1651.8468017578125 2096.161376953125
1598.09912109375 2096.161376953125
1727.0936279296875 2092.578125
1057.0386962890625 2128.409912109375
347.5686340332031 2221.57275390625
146.91046142578125 2221.57275390625
1641.0972900390625 2092.578125
1121.535888671875 2185.740966796875
1605.2655029296875 2092.578125
1182.4500732421875 2203.65673828125
824.1318359375 2092.578125
1024.7900390625 2128.409912109375
1680.5123291015625 2088.9951171875
1461.938232421875 2114.077392578125
537.477294921875 2189.32421875
1100.036865234375 1877.5872802734375
1759.34228515625 2189.32421875
795.4663696289062 1859.67138671875
612.72412109375 2192.9072265625
1666.1795654296875 2192.9072265625
1010.457275390625 2128.409912109375
161.24317932128906 2200.07373046875
333.23590087890625 2200.07373046875
605.5577392578125 2214.406494140625
537.477294921875 2200.07373046875
555.3931884765625 2203.65673828125
1057.0386962890625 1848.921875
404.8995361328125 2203.65673828125
179.15908813476562 2203.65673828125
759.6345825195312 1859.67138671875
1608.8486328125 2110.494140625
1125.119140625 1884.753662109375
748.885009765625 1884.753662109375
1694.844970703125 2135.576416015625
1702.0113525390625 2135.576416015625
985.375 1368.7755126953125
1637.51416015625 2139.15966796875
895.7954711914062 1275.61279296875
756.0513916015625 1827.4227294921875
1755.7591552734375 2092.578125
809.799072265625 1386.69140625
1616.0150146484375 2099.74462890625
967.4591064453125 1365.1922607421875
985.375 1483.437255859375
748.885009765625 1877.5872802734375
257.9891052246094 2232.322265625
874.29638671875 1426.1063232421875
333.23590087890625 2210.8232421875
999.707763671875 1379.5250244140625
1655.4300537109375 2139.15966796875
992.5413818359375 1350.859619140625
813.3822631835938 1354.4427490234375
1039.1226806640625 2128.409912109375
1651.8468017578125 2124.826904296875
967.4591064453125 827.7150268554688
1078.5377197265625 1311.444580078125
250.82272338867188 2239.48876953125
892.2122802734375 1494.1868896484375
1171.700439453125 1809.5068359375
1121.535888671875 2200.07373046875
863.5468139648438 1350.859619140625
458.64727783203125 2203.65673828125
788.2999877929688 1361.609130859375
745.3018188476562 2074.662353515625
673.63818359375 2200.07373046875
1207.5322265625 1684.095458984375
