688.0 559.0
657.0 104.0
630.0 569.0
618.0 230.0
716.0 535.0
709.0 569.0
682.0 538.0
696.0 445.0
691.0 549.0
748.0 569.0
670.0 536.0
756.0 569.0
655.0 34.0
439.0 538.0
523.0 367.0
693.0 536.0
709.0 536.0
725.0 536.0
656.0 444.0
608.0 111.0
732.0 536.0
448.0 374.0
714.0 570.0
825.0 377.0
495.0 481.0
695.0 549.0
662.0 106.0
571.0 571.0
587.0 571.0
602.0 537.0
729.0 562.0
709.0 549.0
654.0 537.0
719.0 300.0
701.0 562.0
651.0 37.0
722.0 300.0
663.0 562.0
677.0 537.0
520.0 567.0
751.0 300.0
494.0 483.0
625.0 38.0
581.0 572.0
619.0 572.0
676.0 107.0
666.0 572.0
811.0 376.0
748.0 537.0
617.0 444.0
614.0 560.0
627.0 40.0
612.0 465.0
643.0 544.0
592.0 463.0
755.0 572.0
866.0 447.0
662.0 466.0
355.0 563.0
684.0 155.0
469.0 477.0
534.0 573.0
540.0 573.0
337.0 595.0
610.0 326.0
594.0 573.0
631.0 111.0
663.0 136.0
458.0 400.0
467.0 480.0
674.0 534.0
627.0 325.0
756.0 561.0
582.0 574.0
694.0 442.0
615.0 557.0
691.0 442.0
725.0 583.0
677.0 287.0
725.0 574.0
498.0 386.0
743.0 561.0
697.0 575.0
738.0 561.0
746.0 574.0
734.0 561.0
599.0 562.0
911.0 574.0
726.0 561.0
622.0 111.0
650.0 543.0
695.0 561.0
727.0 568.0
687.0 463.0
492.0 477.0
587.0 560.0
407.0 508.0
693.0 561.0
590.0 575.0
808.0 370.0
665.0 542.0
676.0 561.0
660.0 537.0
671.0 561.0
660.0 561.0
665.0 50.0
690.0 534.0
639.0 561.0
733.0 575.0
760.0 575.0
394.0 588.0
607.0 561.0
768.0 575.0
596.0 561.0
596.0 574.0
525.0 557.0
658.0 547.0
596.0 544.0
687.0 543.0
463.0 399.0
607.0 321.0
661.0 54.0
608.0 576.0
562.0 342.0
717.0 450.0
454.0 454.0
755.0 339.0
870.0 449.0
671.0 287.0
535.0 561.0
563.0 336.0
870.0 440.0
523.0 561.0
564.0 333.0
621.0 465.0
795.0 350.0
676.0 446.0
233.0 577.0
577.0 577.0
671.0 446.0
364.0 561.0
659.0 59.0
568.0 568.0
373.0 566.0
522.0 569.0
537.0 569.0
592.0 569.0
369.0 565.0
750.0 543.0
702.0 577.0
708.0 577.0
630.0 319.0
752.0 577.0
743.0 543.0
760.0 560.0
733.0 543.0
729.0 560.0
593.0 599.0
597.0 597.0
670.0 545.0
651.0 288.0
655.0 318.0
664.0 288.0
643.0 318.0
570.0 597.0
637.0 318.0
726.0 543.0
700.0 560.0
717.0 545.0
668.0 578.0
678.0 543.0
671.0 543.0
645.0 289.0
713.0 578.0
658.0 289.0
442.0 600.0
607.0 138.0
678.0 440.0
712.0 546.0
666.0 560.0
667.0 317.0
767.0 578.0
620.0 68.0
649.0 317.0
635.0 560.0
602.0 346.0
908.0 578.0
602.0 560.0
713.0 567.0
232.0 579.0
680.0 316.0
661.0 316.0
628.0 316.0
729.0 546.0
747.0 546.0
684.0 148.0
632.0 290.0
610.0 316.0
585.0 579.0
627.0 544.0
657.0 579.0
639.0 290.0
663.0 579.0
445.0 601.0
673.0 315.0
668.0 290.0
679.0 579.0
510.0 461.0
639.0 315.0
684.0 579.0
633.0 315.0
674.0 290.0
745.0 559.0
762.0 352.0
716.0 559.0
607.0 315.0
823.0 381.0
651.0 559.0
417.0 547.0
717.0 290.0
675.0 547.0
658.0 314.0
693.0 547.0
739.0 547.0
651.0 314.0
591.0 567.0
614.0 291.0
661.0 291.0
633.0 151.0
645.0 314.0
577.0 548.0
715.0 542.0
430.0 500.0
619.0 559.0
592.0 559.0
602.0 594.0
750.0 558.0
579.0 548.0
676.0 313.0
682.0 558.0
616.0 548.0
598.0 580.0
665.0 548.0
612.0 313.0
670.0 78.0
552.0 313.0
698.0 541.0
672.0 558.0
646.0 580.0
513.0 386.0
658.0 558.0
652.0 580.0
689.0 580.0
624.0 558.0
719.0 580.0
682.0 548.0
588.0 602.0
757.0 580.0
648.0 292.0
758.0 312.0
600.0 541.0
655.0 292.0
687.0 548.0
682.0 312.0
670.0 312.0
635.0 293.0
642.0 312.0
628.0 567.0
699.0 548.0
631.0 312.0
642.0 293.0
671.0 293.0
677.0 293.0
378.0 530.0
621.0 84.0
655.0 311.0
704.0 548.0
580.0 581.0
641.0 581.0
649.0 311.0
637.0 311.0
723.0 557.0
696.0 581.0
714.0 548.0
612.0 544.0
322.0 593.0
721.0 557.0
630.0 294.0
722.0 548.0
727.0 548.0
539.0 384.0
674.0 557.0
731.0 548.0
664.0 294.0
609.0 557.0
705.0 540.0
584.0 605.0
667.0 310.0
587.0 557.0
680.0 540.0
630.0 567.0
660.0 310.0
414.0 532.0
447.0 532.0
656.0 540.0
636.0 582.0
912.0 582.0
606.0 592.0
647.0 540.0
640.0 540.0
624.0 540.0
707.0 583.0
725.0 309.0
737.0 548.0
610.0 295.0
745.0 548.0
715.0 556.0
626.0 556.0
652.0 295.0
679.0 309.0
749.0 548.0
672.0 309.0
658.0 295.0
600.0 556.0
436.0 607.0
584.0 556.0
611.0 108.0
616.0 540.0
611.0 308.0
606.0 540.0
592.0 549.0
639.0 296.0
645.0 296.0
599.0 549.0
741.0 533.0
439.0 608.0
519.0 608.0
607.0 549.0
669.0 357.0
642.0 122.0
711.0 584.0
632.0 122.0
567.0 608.0
641.0 534.0
580.0 608.0
663.0 534.0
579.0 591.0
588.0 585.0
857.0 380.0
633.0 297.0
747.0 539.0
625.0 585.0
739.0 539.0
729.0 539.0
674.0 539.0
739.0 555.0
613.0 298.0
727.0 555.0
623.0 549.0
725.0 567.0
632.0 306.0
517.0 610.0
624.0 555.0
608.0 555.0
608.0 306.0
751.0 379.0
633.0 549.0
680.0 534.0
748.0 379.0
574.0 586.0
678.0 116.0
576.0 586.0
718.0 586.0
639.0 549.0
642.0 549.0
706.0 534.0
630.0 116.0
723.0 534.0
728.0 534.0
470.0 496.0
755.0 554.0
744.0 534.0
648.0 549.0
711.0 554.0
655.0 549.0
660.0 549.0
604.0 168.0
595.0 535.0
610.0 535.0
673.0 549.0
722.0 587.0
665.0 539.0
630.0 304.0
736.0 587.0
650.0 539.0
628.0 535.0
634.0 535.0
677.0 549.0
645.0 535.0
631.0 539.0
591.0 539.0
611.0 590.0
767.0 372.0
615.0 588.0
686.0 535.0
742.0 373.0
747.0 373.0
721.0 538.0
703.0 538.0
533.0 556.0
518.0 573.0
555.0 459.0
571.0 605.0
734.0 569.0
115.0 573.0
728.0 338.0
684.0 321.0
328.0 586.0
655.0 573.0
554.0 254.0
680.0 129.0
603.0 448.0
608.0 343.0
532.0 460.0
917.0 581.0
737.0 578.0
582.0 584.0
659.0 129.0
552.0 383.0
573.0 591.0
406.0 558.0
733.0 591.0
466.0 567.0
579.0 599.0
660.0 561.6000366210938
642.0 318.0
490.8000183105469 386.4000244140625
619.2000122070312 572.4000244140625
636.0 310.8000183105469
591.6000366210938 567.6000366210938
649.2000122070312 318.0
579.6000366210938 580.800048828125
686.4000244140625 541.2000122070312
651.6000366210938 38.400001525878906
655.2000122070312 318.0
498.0000305175781 386.4000244140625
655.2000122070312 548.4000244140625
540.0 572.4000244140625
870.0000610351562 440.4000244140625
670.800048828125 542.4000244140625
666.0 309.6000061035156
660.0 309.6000061035156
534.0 572.4000244140625
654.0 309.6000061035156
523.2000122070312 567.6000366210938
715.2000122070312 542.4000244140625
732.0 542.4000244140625
861.6000366210938 379.20001220703125
750.0 542.4000244140625
733.2000122070312 570.0
714.0 570.0
618.0 543.6000366210938
627.6000366210938 570.0
627.6000366210938 543.6000366210938
576.0 585.6000366210938
561.6000366210938 342.0
745.2000122070312 574.800048828125
588.0 570.0
679.2000122070312 308.4000244140625
673.2000122070312 308.4000244140625
630.0 319.20001220703125
756.0 568.800048828125
739.2000122070312 554.4000244140625
704.4000244140625 540.0
636.0 319.20001220703125
588.0 585.6000366210938
594.0 582.0
742.800048828125 543.6000366210938
681.6000366210938 540.0
526.800048828125 390.0000305175781
664.800048828125 540.0
620.4000244140625 585.6000366210938
630.0 115.20000457763672
748.800048828125 379.20001220703125
607.2000122070312 138.0
655.2000122070312 50.400001525878906
664.800048828125 50.400001525878906
748.800048828125 568.800048828125
710.4000244140625 554.4000244140625
721.2000122070312 568.800048828125
709.2000122070312 568.800048828125
612.0 583.2000122070312
630.0 568.800048828125
536.4000244140625 568.800048828125
520.800048828125 568.800048828125
606.0 320.4000244140625
662.4000244140625 54.000003814697266
469.20001220703125 564.0
622.800048828125 540.0
711.6000366210938 567.6000366210938
608.4000244140625 584.4000244140625
684.0 320.4000244140625
627.6000366210938 567.6000366210938
639.6000366210938 548.4000244140625
412.8000183105469 532.800048828125
664.800048828125 548.4000244140625
762.0 351.6000061035156
538.800048828125 489.6000061035156
693.6000366210938 440.4000244140625
595.2000122070312 546.0
682.800048828125 548.4000244140625
856.800048828125 380.4000244140625
697.2000122070312 574.800048828125
631.2000122070312 120.00000762939453
602.4000244140625 588.0
632.4000244140625 306.0
624.0 548.4000244140625
615.6000366210938 548.4000244140625
692.4000244140625 548.4000244140625
640.800048828125 121.20000457763672
446.4000244140625 478.8000183105469
740.4000244140625 532.800048828125
607.2000122070312 548.4000244140625
598.800048828125 548.4000244140625
648.0 547.2000122070312
577.2000122070312 576.0
466.8000183105469 478.8000183105469
674.4000244140625 547.2000122070312
712.800048828125 548.4000244140625
607.2000122070312 561.6000366210938
591.6000366210938 548.4000244140625
722.4000244140625 547.2000122070312
748.800048828125 547.2000122070312
730.800048828125 548.4000244140625
630.0 303.6000061035156
590.4000244140625 576.0
540.0 384.0
676.800048828125 457.20001220703125
548.4000244140625 446.4000244140625
706.800048828125 582.0
578.4000244140625 590.4000244140625
444.0000305175781 478.8000183105469
607.2000122070312 462.0000305175781
453.6000061035156 454.8000183105469
673.2000122070312 572.4000244140625
600.0 540.0
615.6000366210938 541.2000122070312
492.0000305175781 477.6000061035156
574.800048828125 588.0
654.0 536.4000244140625
620.4000244140625 68.4000015258789
742.800048828125 374.4000244140625
720.0 300.0
733.2000122070312 590.4000244140625
690.0 548.4000244140625
739.2000122070312 538.800048828125
678.0 300.0
728.4000244140625 538.800048828125
633.6000366210938 314.4000244140625
721.2000122070312 538.800048828125
690.0 577.2000122070312
633.6000366210938 310.8000183105469
448.8000183105469 374.4000244140625
668.4000244140625 451.20001220703125
684.0 578.4000244140625
651.6000366210938 457.20001220703125
750.0 373.20001220703125
537.6000366210938 445.20001220703125
747.6000366210938 373.20001220703125
463.20001220703125 399.6000061035156
639.6000366210938 538.800048828125
759.6000366210938 560.4000244140625
661.2000122070312 136.8000030517578
694.800048828125 445.20001220703125
606.0 538.800048828125
756.0 560.4000244140625
747.6000366210938 574.800048828125
583.2000122070312 603.6000366210938
612.0 465.6000061035156
626.4000244140625 325.20001220703125
728.4000244140625 560.4000244140625
632.4000244140625 296.4000244140625
367.20001220703125 556.800048828125
668.4000244140625 290.4000244140625
756.0 556.800048828125
754.800048828125 339.6000061035156
670.800048828125 560.4000244140625
651.6000366210938 295.20001220703125
505.20001220703125 502.8000183105469
619.2000122070312 580.800048828125
645.6000366210938 295.20001220703125
568.800048828125 463.20001220703125
457.20001220703125 456.0000305175781
642.0 460.8000183105469
609.6000366210938 326.4000244140625
669.6000366210938 78.0
459.6000061035156 483.6000061035156
663.6000366210938 312.0
648.0 540.0
726.0 543.6000366210938
704.4000244140625 548.4000244140625
722.4000244140625 586.800048828125
321.6000061035156 592.800048828125
597.6000366210938 560.4000244140625
660.0 139.20001220703125
531.6000366210938 460.8000183105469
535.2000122070312 560.4000244140625
664.800048828125 294.0
522.0 560.4000244140625
604.800048828125 327.6000061035156
658.800048828125 294.0
636.0 294.0
439.20001220703125 537.6000366210938
808.800048828125 369.6000061035156
574.800048828125 592.800048828125
621.6000366210938 84.0
585.6000366210938 579.6000366210938
231.60000610351562 579.6000366210938
680.4000244140625 441.6000061035156
355.20001220703125 562.800048828125
656.4000244140625 578.4000244140625
824.4000244140625 376.8000183105469
606.0 577.2000122070312
666.0 559.2000122070312
639.6000366210938 574.800048828125
700.800048828125 576.0
656.4000244140625 460.8000183105469
613.2000122070312 559.2000122070312
602.4000244140625 458.4000244140625
676.800048828125 292.8000183105469
670.800048828125 292.8000183105469
633.6000366210938 548.4000244140625
747.6000366210938 536.4000244140625
661.2000122070312 291.6000061035156
600.0 561.6000366210938
645.6000366210938 313.20001220703125
657.6000366210938 314.4000244140625
750.0 558.0
672.0 88.80000305175781
462.0000305175781 482.4000244140625
656.4000244140625 90.0
649.2000122070312 291.6000061035156
484.8000183105469 482.4000244140625
642.0 291.6000061035156
645.6000366210938 463.20001220703125
715.2000122070312 558.0
597.6000366210938 447.6000061035156
619.2000122070312 98.4000015258789
616.800048828125 462.0000305175781
608.4000244140625 576.0
682.800048828125 558.0
632.4000244140625 290.4000244140625
717.6000366210938 584.4000244140625
638.4000244140625 296.4000244140625
759.6000366210938 351.6000061035156
684.0 147.60000610351562
670.800048828125 81.60000610351562
733.2000122070312 574.800048828125
732.0 535.2000122070312
535.2000122070312 463.20001220703125
672.0 558.0
638.4000244140625 289.20001220703125
489.6000061035156 478.8000183105469
663.6000366210938 288.0
692.4000244140625 535.2000122070312
669.6000366210938 535.2000122070312
522.0 495.6000061035156
651.6000366210938 288.0
645.6000366210938 288.0
610.800048828125 589.2000122070312
627.6000366210938 535.2000122070312
618.0 535.2000122070312
639.6000366210938 315.6000061035156
670.800048828125 286.8000183105469
582.0 463.20001220703125
667.2000122070312 316.8000183105469
609.6000366210938 535.2000122070312
550.800048828125 448.8000183105469
661.2000122070312 316.8000183105469
610.800048828125 316.8000183105469
555.6000366210938 483.6000061035156
578.4000244140625 459.6000061035156
679.2000122070312 315.6000061035156
673.2000122070312 315.6000061035156
627.6000366210938 315.6000061035156
612.0 313.20001220703125
624.0 558.0
723.6000366210938 534.0
621.6000366210938 458.4000244140625
502.8000183105469 447.6000061035156
681.6000366210938 312.0
619.2000122070312 558.0
592.800048828125 558.0
676.800048828125 312.0
669.6000366210938 445.20001220703125
710.4000244140625 534.0
630.0 312.0
706.800048828125 534.0
612.0 458.4000244140625
722.4000244140625 556.800048828125
649.2000122070312 310.8000183105469
678.0 534.0
643.2000122070312 310.8000183105469
620.4000244140625 464.4000244140625
564.0 333.6000061035156
592.800048828125 598.800048828125
657.6000366210938 104.4000015258789
674.4000244140625 534.0
751.2000122070312 577.2000122070312
662.4000244140625 578.4000244140625
660.0 105.60000610351562
667.2000122070312 578.4000244140625
673.2000122070312 578.4000244140625
661.2000122070312 534.0
766.800048828125 578.4000244140625
760.800048828125 574.800048828125
608.4000244140625 556.800048828125
724.800048828125 573.6000366210938
597.6000366210938 579.6000366210938
584.4000244140625 556.800048828125
645.6000366210938 579.6000366210938
378.0 530.4000244140625
594.0 573.6000366210938
612.0 108.00000762939453
768.0 574.800048828125
441.6000061035156 600.0
570.0 597.6000366210938
580.800048828125 573.6000366210938
644.4000244140625 534.0
639.6000366210938 534.0
532.800048828125 556.800048828125
712.800048828125 579.6000366210938
608.4000244140625 110.4000015258789
621.6000366210938 110.4000015258789
822.0000610351562 380.4000244140625
666.0 572.4000244140625
757.2000122070312 579.6000366210938
157.20001220703125 514.800048828125
625.2000122070312 555.6000366210938
445.20001220703125 601.2000122070312
698.4000244140625 541.2000122070312
601.2000122070312 542.4000244140625
607.2000122070312 126.00000762939453
757.2000122070312 554.4000244140625
661.2000122070312 46.80000305175781
730.800048828125 576.0
613.2000122070312 570.0
558.0 454.8000183105469
601.2000122070312 570.0
676.800048828125 286.8000183105469
687.6000366210938 558.0
639.6000366210938 124.80000305175781
660.0 129.60000610351562
643.2000122070312 573.6000366210938
631.2000122070312 111.60000610351562
706.800048828125 459.6000061035156
756.0 596.4000244140625
508.8000183105469 460.8000183105469
597.6000366210938 459.6000061035156
650.4000244140625 558.0
564.0 459.6000061035156
738.0 577.2000122070312
604.800048828125 168.0
578.4000244140625 466.8000183105469
756.0 585.6000366210938
735.6000366210938 344.4000244140625
622.800048828125 579.6000366210938
606.0 314.4000244140625
583.2000122070312 586.800048828125
520.800048828125 588.0
573.6000366210938 478.8000183105469
554.4000244140625 466.8000183105469
609.6000366210938 295.20001220703125
627.6000366210938 458.4000244140625
739.2000122070312 592.800048828125
657.6000366210938 288.0
702.0 456.0000305175781
724.800048828125 566.4000244140625
474.0000305175781 558.0
562.800048828125 482.4000244140625
621.6000366210938 93.60000610351562
660.0 466.8000183105469
535.2000122070312 456.0000305175781
549.6000366210938 460.8000183105469
604.800048828125 568.800048828125
602.4000244140625 465.6000061035156
663.6000366210938 84.0
603.6000366210938 577.2000122070312
598.800048828125 588.0
912.0000610351562 582.0
607.2000122070312 118.80000305175781
744.0 595.2000122070312
708.0 577.2000122070312
229.20001220703125 579.6000366210938
548.4000244140625 466.8000183105469
582.0 584.4000244140625
675.3600463867188 547.2000122070312
655.2000122070312 460.8000183105469
606.2400512695312 540.0
616.3200073242188 540.0
665.280029296875 540.0
682.5599975585938 540.0
698.4000244140625 540.0
704.1600341796875 540.0
748.800048828125 375.84002685546875
668.1600341796875 460.8000183105469
596.1600341796875 465.1200256347656
721.4400024414062 540.0
584.6400146484375 578.8800048828125
684.0 321.1200256347656
578.8800048828125 465.1200256347656
597.6000366210938 580.3200073242188
665.280029296875 51.840003967285156
574.5599975585938 593.280029296875
738.7200317382812 540.0
645.1199951171875 462.2400207519531
715.6800537109375 557.280029296875
609.1199951171875 557.280029296875
665.280029296875 54.720001220703125
548.6400146484375 462.2400207519531
627.8400268554688 315.3600158691406
561.6000366210938 342.7200012207031
584.6400146484375 557.280029296875
322.55999755859375 593.280029296875
679.6800537109375 315.3600158691406
534.2400512695312 463.6800231933594
594.7200317382812 581.760009765625
730.0800170898438 532.800048828125
642.2400512695312 318.2400207519531
636.4800415039062 318.2400207519531
639.3600463867188 538.5599975585938
557.280029296875 463.6800231933594
623.52001953125 538.5599975585938
630.7200317382812 318.2400207519531
747.3600463867188 537.1199951171875
570.2400512695312 463.6800231933594
603.3600463867188 463.6800231933594
620.6400146484375 463.6800231933594
640.800048828125 576.0
671.0400390625 542.8800048828125
655.2000122070312 316.8000183105469
666.7200317382812 316.8000183105469
686.8800048828125 542.8800048828125
715.6800537109375 542.8800048828125
660.9600219726562 316.8000183105469
626.4000244140625 535.6799926757812
609.1199951171875 109.44000244140625
757.4400024414062 580.3200073242188
756.0 339.84002685546875
606.2400512695312 462.2400207519531
750.2400512695312 541.4400024414062
652.3200073242188 574.5599975585938
671.0400390625 444.96002197265625
612.0 544.3200073242188
578.8800048828125 460.8000183105469
591.8400268554688 567.3600463867188
673.9200439453125 573.1199951171875
725.760009765625 534.2400512695312
580.3200073242188 573.1199951171875
743.0400390625 544.3200073242188
639.3600463867188 289.44000244140625
596.1600341796875 545.760009765625
627.8400268554688 545.760009765625
694.0800170898438 534.2400512695312
645.1199951171875 295.20001220703125
599.0400390625 588.9600219726562
597.6000366210938 446.4000244140625
652.3200073242188 295.20001220703125
678.2400512695312 534.2400512695312
619.2000122070312 571.6799926757812
658.0800170898438 295.20001220703125
534.2400512695312 571.6799926757812
594.7200317382812 574.5599975585938
564.4800415039062 332.6400146484375
754.56005859375 570.2400512695312
601.9200439453125 587.52001953125
574.5599975585938 587.52001953125
709.9200439453125 568.800048828125
871.2000122070312 440.6400146484375
632.1600341796875 547.2000122070312
660.9600219726562 136.8000030517578
662.4000244140625 534.2400512695312
721.4400024414062 570.2400512695312
692.6400146484375 547.2000122070312
711.3600463867188 547.2000122070312
669.6000366210938 79.20000457763672
748.800048828125 547.2000122070312
761.760009765625 574.5599975585938
712.800048828125 570.2400512695312
627.8400268554688 459.3600158691406
627.8400268554688 570.2400512695312
767.52001953125 574.5599975585938
599.0400390625 548.6400146484375
630.7200317382812 303.84002685546875
583.2000122070312 444.96002197265625
613.4400024414062 570.2400512695312
640.800048828125 534.2400512695312
577.4400024414062 576.0
616.3200073242188 548.6400146484375
619.2000122070312 106.56000518798828
750.2400512695312 568.800048828125
758.8800048828125 560.1600341796875
604.800048828125 570.2400512695312
624.9600219726562 548.6400146484375
639.3600463867188 548.6400146484375
658.0800170898438 548.6400146484375
727.2000122070312 560.1600341796875
741.6000366210938 532.800048828125
532.800048828125 557.280029296875
666.7200317382812 576.0
673.9200439453125 576.0
587.52001953125 570.2400512695312
616.3200073242188 568.800048828125
656.6400146484375 90.72000122070312
679.6800537109375 308.1600036621094
721.4400024414062 548.6400146484375
730.0800170898438 548.6400146484375
522.7200317382812 560.1600341796875
603.3600463867188 460.8000183105469
655.2000122070312 309.6000061035156
660.9600219726562 309.6000061035156
610.5599975585938 326.8800048828125
666.7200317382812 309.6000061035156
581.760009765625 462.2400207519531
606.2400512695312 577.4400024414062
633.6000366210938 577.4400024414062
462.2400207519531 398.8800048828125
712.800048828125 577.4400024414062
609.1199951171875 584.6400146484375
642.2400512695312 311.0400085449219
587.52001953125 584.6400146484375
607.6800537109375 125.2800064086914
156.9600067138672 515.52001953125
750.2400512695312 372.96002197265625
630.7200317382812 312.4800109863281
449.280029296875 375.84002685546875
593.280029296875 558.7200317382812
682.5599975585938 312.4800109863281
743.0400390625 375.84002685546875
750.2400512695312 557.280029296875
722.8800048828125 557.280029296875
622.0800170898438 109.44000244140625
652.3200073242188 463.6800231933594
760.3200073242188 587.52001953125
593.280029296875 593.280029296875
590.4000244140625 593.280029296875
655.2000122070312 50.400001525878906
540.0 384.4800109863281
365.760009765625 565.9200439453125
610.5599975585938 90.72000122070312
660.9600219726562 46.08000183105469
360.0 564.4800415039062
643.6800537109375 574.5599975585938
600.4800415039062 591.8400268554688
862.56005859375 378.7200012207031
652.3200073242188 288.0
678.2400512695312 299.52001953125
771.8400268554688 341.2799987792969
756.0 596.1600341796875
439.20001220703125 537.1199951171875
685.4400024414062 574.5599975585938
727.2000122070312 442.08001708984375
721.4400024414062 299.52001953125
696.9600219726562 574.5599975585938
656.6400146484375 64.80000305175781
537.1199951171875 446.4000244140625
612.0 313.9200134277344
627.8400268554688 463.6800231933594
856.800048828125 380.1600036621094
750.2400512695312 581.760009765625
822.2400512695312 380.1600036621094
671.0400390625 463.6800231933594
504.0000305175781 502.5600280761719
607.6800537109375 138.24000549316406
521.280029296875 568.800048828125
672.4800415039062 534.2400512695312
732.9600219726562 574.5599975585938
624.9600219726562 555.8400268554688
734.4000244140625 570.2400512695312
468.0000305175781 478.08001708984375
692.6400146484375 355.6800231933594
656.6400146484375 534.2400512695312
659.52001953125 105.12000274658203
491.0400085449219 385.9200134277344
521.280029296875 495.3600158691406
591.8400268554688 548.6400146484375
597.6000366210938 561.6000366210938
612.0 583.2000122070312
645.1199951171875 534.2400512695312
498.2400207519531 387.3600158691406
620.6400146484375 83.52000427246094
583.2000122070312 561.6000366210938
537.1199951171875 568.800048828125
663.8400268554688 83.52000427246094
607.6800537109375 319.6800231933594
527.0400390625 390.2400207519531
678.2400512695312 462.2400207519531
744.4800415039062 580.3200073242188
612.0 133.9199981689453
607.6800537109375 119.52000427246094
607.6800537109375 548.6400146484375
622.0800170898438 580.3200073242188
679.6800537109375 450.72003173828125
640.800048828125 120.96000671386719
619.2000122070312 580.3200073242188
538.5599975585938 489.6000061035156
146.8800048828125 509.760009765625
501.1200256347656 466.5600280761719
609.1199951171875 534.2400512695312
545.760009765625 486.72003173828125
756.0 586.0800170898438
734.4000244140625 586.0800170898438
709.9200439453125 375.84002685546875
486.72003173828125 462.2400207519531
600.4800415039062 570.2400512695312
692.6400146484375 450.72003173828125
583.2000122070312 586.0800170898438
816.4800415039062 370.08001708984375
555.8400268554688 483.84002685546875
460.8000183105469 483.84002685546875
620.6400146484375 97.92000579833984
671.0400390625 87.84000396728516
573.1199951171875 479.52001953125
521.280029296875 479.52001953125
737.280029296875 577.4400024414062
807.8400268554688 370.08001708984375
731.52001953125 584.6400146484375
708.4800415039062 577.4400024414062
491.0400085449219 478.08001708984375
665.280029296875 548.6400146484375
151.20001220703125 516.9600219726562
629.280029296875 577.4400024414062
604.800048828125 328.32000732421875
727.2000122070312 568.800048828125
558.7200317382812 328.32000732421875
531.3600463867188 466.5600280761719
694.0800170898438 440.6400146484375
630.7200317382812 568.800048828125
630.7200317382812 443.52001953125
689.760009765625 534.2400512695312
671.0400390625 457.9200134277344
630.7200317382812 293.760009765625
383.0400085449219 525.6000366210938
671.0400390625 292.32000732421875
684.0 146.8800048828125
725.760009765625 573.1199951171875
676.800048828125 573.1199951171875
721.4400024414062 456.4800109863281
555.8400268554688 338.4000244140625
665.280029296875 70.56000518798828
493.9200134277344 469.4400329589844
656.6400146484375 73.44000244140625
617.760009765625 535.6799926757812
707.0400390625 459.3600158691406
648.0 548.6400146484375
645.1199951171875 459.3600158691406
738.7200317382812 462.2400207519531
728.6400146484375 456.4800109863281
665.280029296875 571.6799926757812
666.7200317382812 136.8000030517578
744.4800415039062 457.9200134277344
514.0800170898438 456.4800109863281
620.6400146484375 69.12000274658203
728.6400146484375 335.52001953125
722.8800048828125 581.760009765625
524.1600341796875 469.4400329589844
606.2400512695312 352.8000183105469
511.20001220703125 499.6800231933594
473.760009765625 557.280029296875
495.3600158691406 508.32000732421875
521.280029296875 587.52001953125
588.9600219726562 468.0000305175781
645.1199951171875 288.0
612.0 306.7200012207031
528.4800415039062 493.9200134277344
660.9600219726562 129.60000610351562
612.0 457.9200134277344
540.0 573.1199951171875
563.0400390625 482.4000244140625
720.0 442.08001708984375
836.6400146484375 586.0800170898438
740.1600341796875 554.4000244140625
741.6000366210938 588.9600219726562
552.9600219726562 256.32000732421875
478.08001708984375 466.5600280761719
534.2400512695312 384.4800109863281
727.2000122070312 554.4000244140625
659.52001953125 76.31999969482422
629.280029296875 115.20000457763672
551.52001953125 383.0400085449219
678.2400512695312 116.64000701904297
745.9200439453125 590.4000244140625
541.4400024414062 469.4400329589844
761.760009765625 321.1200256347656
423.3600158691406 547.2000122070312
601.9200439453125 535.6799926757812
720.0 580.3200073242188
653.760009765625 47.52000045776367
618.6240844726562 571.9680786132812
665.2800903320312 53.5680046081543
622.080078125 580.6080322265625
594.4320678710938 580.6080322265625
361.15203857421875 558.14404296875
684.2880859375 145.15200805664062
571.9680786132812 463.1040344238281
628.9920654296875 461.37603759765625
805.248046875 373.248046875
599.6160278320312 547.7760620117188
684.2880859375 321.40802001953125
710.2080688476562 578.8800659179688
585.7920532226562 558.14404296875
630.7200317382812 578.8800659179688
820.800048828125 371.5200500488281
749.9520874023438 378.4320373535156
665.2800903320312 547.7760620117188
808.7041015625 371.5200500488281
675.6480712890625 547.7760620117188
736.1280517578125 577.1520385742188
609.9840698242188 328.3200378417969
699.840087890625 577.1520385742188
665.2800903320312 577.1520385742188
608.2560424804688 124.416015625
502.8480529785156 502.8480529785156
606.528076171875 577.1520385742188
604.800048828125 328.3200378417969
692.9280395507812 547.7760620117188
620.35205078125 69.12001037597656
870.912109375 440.6400451660156
711.9360961914062 547.7760620117188
748.2240600585938 582.3360595703125
729.216064453125 547.7760620117188
748.2240600585938 547.7760620117188
556.4160766601562 328.3200378417969
767.2320556640625 575.424072265625
623.8080444335938 539.1360473632812
157.24801635742188 514.9440307617188
630.7200317382812 304.1280212402344
627.2640380859375 326.592041015625
641.0880737304688 575.424072265625
660.0960693359375 76.0320053100586
720.5760498046875 582.3360595703125
578.8800659179688 575.424072265625
152.0640106201172 516.6720581054688
718.8480834960938 533.9520263671875
739.5840454101562 539.1360473632812
729.216064453125 533.9520263671875
763.7760620117188 573.696044921875
677.3760375976562 300.6720275878906
675.6480712890625 573.696044921875
663.5520629882812 573.696044921875
563.3280639648438 480.384033203125
511.488037109375 388.800048828125
521.8560791015625 480.384033203125
653.18408203125 575.424072265625
748.2240600585938 373.248046875
381.8880310058594 527.0400390625
596.1600341796875 463.1040344238281
523.5840454101562 559.8720703125
722.3040771484375 571.9680786132812
668.736083984375 547.7760620117188
542.592041015625 478.6560363769531
490.7520446777344 387.072021484375
628.9920654296875 547.7760620117188
661.8240356445312 533.9520263671875
620.35205078125 463.1040344238281
547.7760620117188 464.83203125
592.7040405273438 577.1520385742188
625.5360717773438 547.7760620117188
608.2560424804688 547.7760620117188
753.4080810546875 570.2400512695312
571.9680786132812 478.6560363769531
677.3760375976562 533.9520263671875
658.3680419921875 89.85601043701172
689.4720458984375 533.9520263671875
725.7600708007812 570.2400512695312
627.2640380859375 570.2400512695312
644.5440673828125 461.37603759765625
604.800048828125 570.2400512695312
611.7120361328125 93.31201171875
722.3040771484375 539.1360473632812
743.0401000976562 374.9760437011719
449.280029296875 376.70404052734375
679.1040649414062 461.37603759765625
708.4800415039062 533.9520263671875
623.8080444335938 556.4160766601562
725.7600708007812 533.9520263671875
743.0401000976562 533.9520263671875
724.0320434570312 558.14404296875
749.9520874023438 568.5120239257812
710.2080688476562 568.5120239257812
630.7200317382812 568.5120239257812
609.9840698242188 535.6800537109375
556.4160766601562 463.1040344238281
590.97607421875 568.5120239257812
687.7440795898438 542.592041015625
627.2640380859375 535.6800537109375
660.0960693359375 136.5120086669922
715.39208984375 558.14404296875
642.8160400390625 535.6800537109375
521.8560791015625 568.5120239257812
692.9280395507812 535.6800537109375
573.696044921875 445.82403564453125
580.6080322265625 463.1040344238281
587.5200805664062 468.2880554199219
611.7120361328125 546.0480346679688
609.9840698242188 558.14404296875
527.0400390625 390.5280456542969
523.5840454101562 468.2880554199219
520.1280517578125 468.2880554199219
646.2720336914062 295.488037109375
722.3040771484375 547.7760620117188
145.15200805664062 509.7600402832031
561.6000366210938 343.8720397949219
705.0240478515625 540.8640747070312
359.4240417480469 565.0560302734375
756.8640747070312 340.4160461425781
606.528076171875 539.1360473632812
748.2240600585938 539.1360473632812
556.4160766601562 335.2320251464844
587.5200805664062 585.7920532226562
665.2800903320312 540.8640747070312
622.080078125 110.59201049804688
682.56005859375 540.8640747070312
366.3360290527344 565.0560302734375
760.320068359375 587.5200805664062
670.4640502929688 542.592041015625
537.4080810546875 489.0240478515625
715.39208984375 540.8640747070312
679.1040649414062 141.69601440429688
682.56005859375 141.69601440429688
699.840087890625 542.592041015625
705.0240478515625 459.6480407714844
741.3120727539062 546.0480346679688
563.3280639648438 468.2880554199219
730.944091796875 459.6480407714844
670.4640502929688 459.6480407714844
594.4320678710938 546.0480346679688
756.8640747070312 584.0640258789062
563.3280639648438 335.2320251464844
727.4880981445312 561.6000366210938
751.6800537109375 558.14404296875
611.7120361328125 584.0640258789062
694.6560668945312 459.6480407714844
596.1600341796875 561.6000366210938
540.8640747070312 470.01605224609375
762.048095703125 321.40802001953125
691.2000732421875 355.9680480957031
546.0480346679688 454.46405029296875
528.76806640625 492.48004150390625
756.8640747070312 457.9200439453125
537.4080810546875 456.1920471191406
501.12005615234375 464.83203125
584.0640258789062 454.46405029296875
520.1280517578125 495.93603515625
627.2640380859375 316.2240295410156
656.6400756835938 65.66400909423828
729.216064453125 335.2320251464844
540.8640747070312 388.800048828125
720.5760498046875 457.9200439453125
369.7920227050781 558.14404296875
620.35205078125 117.50401306152344
665.2800903320312 70.84800720214844
660.0960693359375 105.40801239013672
134.7840118408203 509.7600402832031
492.48004150390625 504.5760498046875
865.7280883789062 352.51202392578125
504.5760498046875 487.2960510253906
606.528076171875 354.2400207519531
836.35205078125 587.5200805664062
378.4320373535156 532.2240600585938
656.6400756835938 115.77600860595703
670.4640502929688 79.48800659179688
672.1920776367188 533.9520263671875
729.216064453125 475.2000427246094
620.35205078125 82.94400787353516
494.2080383300781 508.03204345703125
554.6880493164062 483.8400573730469
653.18408203125 464.83203125
473.4720458984375 559.8720703125
822.528076171875 380.1600341796875
756.8640747070312 554.6880493164062
670.4640502929688 86.40000915527344
628.9920654296875 361.15203857421875
739.5840454101562 554.6880493164062
613.4400634765625 133.05601501464844
641.0880737304688 549.5040283203125
527.0400390625 395.7120361328125
537.4080810546875 361.15203857421875
654.9120483398438 72.57600402832031
665.2800903320312 98.49600982666016
687.7440795898438 573.696044921875
658.3680419921875 547.7760620117188
532.2240600585938 366.3360290527344
736.1280517578125 570.2400512695312
549.5040283203125 383.61602783203125
658.3680419921875 98.49600982666016
824.256103515625 376.70404052734375
801.7920532226562 371.5200500488281
608.2560424804688 119.23200988769531
559.8720703125 324.8640441894531
478.6560363769531 466.56005859375
817.3440551757812 369.7920227050781
746.49609375 457.9200439453125
608.2560424804688 108.864013671875
694.6560668945312 440.6400451660156
563.3280639648438 476.92803955078125
425.0880432128906 544.320068359375
668.736083984375 96.76800537109375
492.48004150390625 468.2880554199219
511.488037109375 499.3920593261719
499.3920593261719 497.6640625
667.008056640625 152.0640106201172
732.6720581054688 330.04803466796875
734.4000854492188 585.7920532226562
554.6880493164062 338.6880187988281
385.3440246582031 521.8560791015625
772.4160766601562 456.1920471191406
608.2560424804688 454.46405029296875
772.4160766601562 342.14404296875
476.92803955078125 587.5200805664062
551.2320556640625 196.9920196533203
648.0000610351562 549.5040283203125
587.5200805664062 457.9200439453125
737.8560791015625 559.8720703125
618.6240844726562 134.7840118408203
438.91204833984375 537.4080810546875
552.9600830078125 257.4720153808594
540.8640747070312 587.5200805664062
114.04801177978516 571.9680786132812
599.6160278320312 561.6000366210938
551.2320556640625 330.04803466796875
490.7520446777344 476.92803955078125
641.0880737304688 120.96001434326172
354.2400207519531 563.3280639648438
870.912109375 381.8880310058594
535.6800537109375 570.2400512695312
406.0800476074219 558.14404296875
628.9920654296875 444.0960388183594
748.2240600585938 480.384033203125
461.37603759765625 483.8400573730469
570.2400512695312 442.3680419921875
549.5040283203125 475.2000427246094
407.80804443359375 554.6880493164062
533.9520263671875 561.6000366210938
696.3840942382812 355.9680480957031
620.35205078125 98.49600982666016
546.0480346679688 487.2960510253906
725.7600708007812 338.6880187988281
590.97607421875 549.5040283203125
736.1281127929688 570.2400512695312
549.5040893554688 476.9280700683594
570.2400512695312 476.9280700683594
632.4480590820312 304.8192443847656
595.123291015625 547.4304809570312
599.2705078125 547.4304809570312
620.0064697265625 462.4128723144531
530.8416748046875 476.9280700683594
611.7120971679688 547.4304809570312
617.932861328125 70.50241088867188
526.6944580078125 559.8720703125
663.5521240234375 70.50241088867188
472.7808532714844 559.8720703125
690.5089111328125 354.5856628417969
740.2753295898438 545.3568725585938
657.331298828125 74.64961242675781
379.4688415527344 526.6944580078125
765.1585083007812 576.4608764648438
630.37451171875 547.4304809570312
640.7424926757812 576.4608764648438
628.3009033203125 360.80645751953125
522.5473022460938 479.0016784667969
736.1281127929688 574.3872680664062
673.9201049804688 547.4304809570312
692.58251953125 547.4304809570312
711.244873046875 547.4304809570312
543.2832641601562 479.0016784667969
675.9937133789062 574.3872680664062
715.39208984375 557.7984619140625
725.7601318359375 559.8720703125
663.5521240234375 574.3872680664062
821.1456909179688 371.1744384765625
578.5344848632812 574.3872680664062
746.49609375 373.248046875
564.019287109375 481.07525634765625
729.9072875976562 547.4304809570312
680.140869140625 141.00482177734375
771.3793334960938 342.14404296875
584.7553100585938 557.7984619140625
756.8641357421875 340.0704345703125
657.331298828125 89.16481018066406
804.556884765625 373.248046875
742.348876953125 534.9888916015625
503.8848571777344 487.29608154296875
723.6865234375 534.9888916015625
707.0977172851562 534.9888916015625
611.7120971679688 93.31201171875
620.0064697265625 329.70245361328125
609.6384887695312 329.70245361328125
605.4912719726562 329.70245361328125
678.0673217773438 460.3392639160156
449.97125244140625 375.3216552734375
694.6561279296875 460.3392639160156
742.348876953125 375.3216552734375
723.6865234375 570.2400512695312
615.8593139648438 570.2400512695312
628.3009033203125 327.62884521484375
665.6256713867188 97.45921325683594
555.724853515625 327.62884521484375
603.4176635742188 570.2400512695312
729.9072875976562 325.55523681640625
702.9505004882812 541.2096557617188
588.9024658203125 570.2400512695312
702.9505004882812 460.3392639160156
155.52001953125 516.3264770507812
746.49609375 547.4304809570312
559.8720703125 325.55523681640625
750.643310546875 568.16650390625
578.5344848632812 462.4128723144531
698.8032836914062 541.2096557617188
711.244873046875 568.16650390625
520.4736938476562 468.6336669921875
628.3009033203125 568.16650390625
501.811279296875 503.8848571777344
549.5040893554688 383.6160583496094
754.79052734375 555.724853515625
684.2880859375 323.4816589355469
690.5089111328125 534.9888916015625
673.9201049804688 534.9888916015625
510.1056823730469 387.76324462890625
673.9201049804688 300.6720275878906
524.620849609375 555.724853515625
489.3696594238281 389.83685302734375
717.4656982421875 532.915283203125
682.2144775390625 541.2096557617188
684.2880859375 549.5040893554688
427.1616516113281 547.4304809570312
526.6944580078125 476.9280700683594
543.2832641601562 383.6160583496094
532.915283203125 364.9536437988281
719.539306640625 541.2096557617188
358.73284912109375 564.019287109375
145.1520233154297 510.1056823730469
717.4656982421875 547.4304809570312
721.6129150390625 547.4304809570312
559.8720703125 342.14404296875
377.395263671875 532.915283203125
134.7840118408203 508.0320739746094
497.6640625 497.6640625
561.9456787109375 335.9232482910156
547.4304809570312 464.4864501953125
597.1968994140625 561.9456787109375
358.73284912109375 557.7984619140625
532.915283203125 464.4864501953125
758.9376831054688 559.8720703125
564.019287109375 468.6336669921875
642.8161010742188 462.4128723144531
603.4176635742188 462.4128723144531
682.2144775390625 532.915283203125
570.2400512695312 462.4128723144531
746.49609375 539.1360473632812
667.6992797851562 547.4304809570312
364.9536437988281 564.019287109375
655.2576904296875 114.04801940917969
653.18408203125 460.3392639160156
584.7553100585938 454.11846923828125
493.5168762207031 505.9584655761719
607.5648803710938 122.34241485595703
669.7728881835938 462.4128723144531
586.828857421875 476.9280700683594
128.56321716308594 553.6513061523438
875.059326171875 389.83685302734375
526.6944580078125 389.83685302734375
605.4912719726562 354.5856628417969
524.620849609375 460.3392639160156
524.620849609375 393.98406982421875
553.6513061523438 485.22247314453125
638.6688842773438 539.1360473632812
669.7728881835938 78.79681396484375
682.2144775390625 147.22561645507812
746.49609375 458.2656555175781
653.18408203125 574.3872680664062
543.2832641601562 454.11846923828125
568.16650390625 454.11846923828125
534.9888916015625 487.29608154296875
657.331298828125 97.45921325683594
153.44642639160156 505.9584655761719
727.8336791992188 335.9232482910156
549.5040893554688 196.99203491210938
659.4049072265625 534.9888916015625
537.0625 360.80645751953125
640.7424926757812 547.4304809570312
522.5473022460938 367.0272521972656
821.1456909179688 379.4688415527344
539.1360473632812 456.19207763671875
539.1360473632812 468.6336669921875
369.1008605957031 557.7984619140625
553.6513061523438 306.8928527832031
816.99853515625 369.1008605957031
729.9072875976562 458.2656555175781
622.080078125 109.90081787109375
609.6384887695312 557.7984619140625
590.97607421875 454.11846923828125
586.828857421875 466.56005859375
564.019287109375 321.4080505371094
431.3088684082031 541.2096557617188
518.4000854492188 495.5904846191406
659.4049072265625 134.7840118408203
566.0928955078125 302.7456359863281
868.8385009765625 381.5424499511719
738.2017211914062 476.9280700683594
620.0064697265625 118.1952133178711
572.3136596679688 443.7504577636719
698.8032836914062 576.4608764648438
491.4432678222656 369.1008605957031
520.4736938476562 568.16650390625
686.3616943359375 574.3872680664062
555.724853515625 352.5120544433594
736.1281127929688 176.2560272216797
553.6513061523438 257.1264343261719
657.331298828125 66.35520935058594
667.6992797851562 153.44642639160156
425.08807373046875 543.2832641601562
242.61123657226562 572.3136596679688
663.5521240234375 547.4304809570312
615.8593139648438 381.5424499511719
537.0625 354.5856628417969
709.1713256835938 296.52484130859375
456.19207763671875 396.0576477050781
719.539306640625 458.2656555175781
561.9456787109375 456.19207763671875
630.37451171875 383.6160583496094
642.8161010742188 534.9888916015625
468.6336669921875 566.0928955078125
528.76806640625 491.4432678222656
754.79052734375 458.2656555175781
806.6304931640625 381.5424499511719
675.9937133789062 116.12161254882812
605.4912719726562 130.63682556152344
609.6384887695312 454.11846923828125
761.0112915039062 321.4080505371094
512.1792602539062 483.14886474609375
609.6384887695312 240.53762817382812
729.9072875976562 474.8544616699219
620.0064697265625 82.94401550292969
580.6080932617188 383.6160583496094
729.9072875976562 321.4080505371094
659.4049072265625 105.75361633300781
512.1792602539062 497.6640625
537.0625 570.2400512695312
510.1056823730469 352.5120544433594
644.8897094726562 443.7504577636719
694.6561279296875 441.6768493652344
369.1008605957031 570.2400512695312
870.912109375 439.603271484375
570.2400512695312 306.8928527832031
657.331298828125 547.4304809570312
626.227294921875 534.9888916015625
447.8976745605469 402.2784423828125
821.1458129882812 378.2247314453125
380.7130432128906 525.03564453125
154.27587890625 515.0823364257812
358.31817626953125 557.3837890625
136.85763549804688 507.6174011230469
567.3370971679688 303.5751037597656
753.9611206054688 470.2926025390625
761.4260864257812 318.5050354003906
520.0590209960938 465.3159484863281
669.3582153320312 79.62625885009766
495.1758117675781 505.12908935546875
549.9188232421875 320.99334716796875
500.1524353027344 502.6407470703125
497.66412353515625 497.66412353515625
517.5706787109375 495.1758117675781
530.0122680664062 490.19915771484375
525.03564453125 480.2458801269531
505.12908935546875 487.7108459472656
716.6363525390625 532.5006103515625
736.5429077148438 174.18243408203125
656.9166259765625 89.57954406738281
766.4027709960938 470.2926025390625
532.5006103515625 345.8765563964844
539.965576171875 455.3626708984375
875.8888549804688 390.66632080078125
507.6174011230469 388.1780090332031
497.66412353515625 492.6874694824219
490.19915771484375 388.1780090332031
549.9188232421875 196.57733154296875
684.2881469726562 323.481689453125
567.3370971679688 477.757568359375
629.5451049804688 328.45831298828125
666.8699340820312 97.04450225830078
549.9188232421875 477.757568359375
579.7786865234375 383.2013854980469
544.9421997070312 477.757568359375
530.0122680664062 477.757568359375
547.4305419921875 383.2013854980469
542.4539184570312 383.2013854980469
729.0779418945312 325.9700012207031
609.6385498046875 328.45831298828125
868.4238891601562 380.7130432128906
684.2881469726562 547.4305419921875
699.2180786132812 539.965576171875
537.4772338867188 475.26922607421875
654.4283447265625 82.11457824707031
450.3860168457031 375.7364196777344
803.7275390625 373.2480773925781
746.4961547851562 373.2480773925781
821.1458129882812 370.759765625
534.9889526367188 365.7831115722656
863.447265625 373.2480773925781
542.4539184570312 378.2247314453125
512.5940551757812 497.66412353515625
816.1691284179688 368.2714538574219
627.0567626953125 358.31817626953125
656.9166259765625 114.4627456665039
447.897705078125 403.1079406738281
602.173583984375 358.31817626953125
671.8465576171875 121.9277114868164
724.101318359375 557.3837890625
502.6407470703125 492.6874694824219
736.5429077148438 475.26922607421875
689.2648315429688 353.3415222167969
604.6619262695312 353.3415222167969
863.447265625 350.85321044921875
602.173583984375 333.4349670410156
557.3837890625 475.26922607421875
579.7786865234375 388.1780090332031
751.4728393554688 477.757568359375
522.5473022460938 365.7831115722656
609.6385498046875 241.36709594726562
816.1691284179688 348.3648681640625
517.5706787109375 390.66632080078125
559.8721313476562 323.481689453125
771.37939453125 340.8999328613281
656.9166259765625 97.04450225830078
756.449462890625 340.8999328613281
709.17138671875 293.621826171875
525.03564453125 460.33929443359375
758.9378051757812 559.8721313476562
597.1969604492188 559.8721313476562
472.7809143066406 559.8721313476562
714.1480102539062 557.3837890625
607.1502075195312 557.3837890625
368.2714538574219 554.8955078125
721.6129760742188 539.965576171875
731.5662231445312 472.7809143066406
699.2180786132812 532.5006103515625
711.65966796875 380.7130432128906
490.19915771484375 368.2714538574219
358.31817626953125 562.3604736328125
584.7553100585938 557.3837890625
634.521728515625 303.5751037597656
525.03564453125 554.8955078125
129.39266967773438 552.4071655273438
729.0779418945312 547.4305419921875
619.591796875 330.9466247558594
709.17138671875 547.4305419921875
694.241455078125 547.4305419921875
547.4305419921875 485.2225036621094
681.7998657226562 141.8342742919922
564.8487548828125 320.99334716796875
537.4772338867188 467.80426025390625
378.2247314453125 532.5006103515625
746.4961547851562 544.9421997070312
627.0567626953125 544.9421997070312
612.1268920898438 544.9421997070312
594.7086181640625 544.9421997070312
383.2013854980469 532.5006103515625
681.7998657226562 539.965576171875
629.5451049804688 313.52838134765625
684.2881469726562 532.5006103515625
676.8231811523438 311.0400695800781
726.589599609375 534.9889526367188
709.17138671875 534.9889526367188
554.8955078125 325.9700012207031
741.51953125 542.4539184570312
691.7531127929688 534.9889526367188
564.8487548828125 308.5517578125
674.3348999023438 534.9889526367188
701.7064208984375 547.4305419921875
741.51953125 532.5006103515625
758.9378051757812 475.26922607421875
617.103515625 385.689697265625
719.1246337890625 547.4305419921875
624.5684814453125 554.8955078125
671.8465576171875 301.0867919921875
724.101318359375 335.92327880859375
659.4049682617188 447.897705078125
549.9188232421875 266.25030517578125
151.7875518798828 505.12908935546875
731.5662231445312 457.8509826660156
557.3837890625 353.3415222167969
609.6385498046875 94.55618286132812
622.0801391601562 537.4772338867188
716.6363525390625 378.2247314453125
659.4049682617188 104.50946807861328
681.7998657226562 311.0400695800781
619.591796875 109.4861068725586
654.4283447265625 460.33929443359375
714.1480102539062 311.0400695800781
641.9866943359375 460.33929443359375
674.3348999023438 114.4627456665039
564.8487548828125 455.3626708984375
622.0801391601562 116.95106506347656
592.2202758789062 539.965576171875
609.6385498046875 121.9277114868164
661.8932495117188 119.43939208984375
552.4071655273438 306.0634460449219
584.7553100585938 475.26922607421875
644.4750366210938 442.9210510253906
599.6852416992188 452.8743591308594
806.2158813476562 380.7130432128906
669.3582153320312 126.90435028076172
455.3626708984375 395.6429748535156
547.4305419921875 350.85321044921875
589.7319946289062 452.8743591308594
721.6129760742188 457.8509826660156
597.1969604492188 246.34373474121094
594.7086181640625 271.2269592285156
617.103515625 216.48388671875
649.45166015625 111.97442626953125
669.3582153320312 462.82763671875
216.48388671875 547.4305419921875
711.65966796875 375.7364196777344
442.9210510253906 410.5729064941406
525.03564453125 393.1546630859375
510.105712890625 365.7831115722656
512.5940551757812 350.85321044921875
676.8231811523438 236.3904571533203
791.2859497070312 472.7809143066406
594.7086181640625 261.2736511230469
734.0545654296875 447.897705078125
664.381591796875 447.897705078125
734.55224609375 474.7715759277344
450.8836975097656 409.0799255371094
752.4681396484375 474.7715759277344
522.54736328125 465.8136291503906
704.6923828125 540.4632568359375
516.5753784179688 477.757568359375
665.8746337890625 98.5374984741211
528.519287109375 477.757568359375
680.8045654296875 540.4632568359375
567.3370971679688 477.757568359375
731.5662841796875 325.47235107421875
683.79052734375 325.47235107421875
552.4071655273438 194.08901977539062
152.28521728515625 513.58935546875
534.4912719726562 346.3742370605469
576.2950439453125 471.78558349609375
713.650390625 376.23406982421875
606.1549072265625 328.45831298828125
137.3553009033203 507.617431640625
516.5753784179688 391.16400146484375
630.0427856445312 328.45831298828125
495.6734619140625 501.64544677734375
373.24810791015625 537.477294921875
710.6643676757812 292.62652587890625
818.1598510742188 349.3602294921875
728.580322265625 546.4352416992188
450.8836975097656 376.23406982421875
447.897705078125 403.1079406738281
806.2158813476562 373.24810791015625
507.617431640625 486.71551513671875
531.5053100585938 486.71551513671875
743.5101928710938 534.4912719726562
725.5942993164062 534.4912719726562
639.000732421875 301.58447265625
770.3840942382812 340.40228271484375
567.3370971679688 304.5704345703125
489.7015075683594 388.17803955078125
561.3651123046875 340.40228271484375
507.617431640625 388.17803955078125
821.1458129882812 370.2621154785156
624.07080078125 319.5003662109375
734.55224609375 176.173095703125
489.7015075683594 367.276123046875
537.477294921875 364.2901611328125
510.6033935546875 364.2901611328125
633.02880859375 304.5704345703125
498.6594543457031 492.6875
627.0568237304688 358.31817626953125
528.519287109375 468.79962158203125
543.44921875 376.23406982421875
698.720458984375 540.4632568359375
815.173828125 379.2200622558594
214.99090576171875 546.4352416992188
743.5101928710938 543.44921875
603.1689453125 355.3321838378906
579.2810668945312 385.1920471191406
546.4352416992188 385.1920471191406
862.9495849609375 352.34619140625
379.2200622558594 531.5053100585938
710.6643676757812 382.2060546875
555.3931884765625 352.34619140625
444.9117431640625 409.0799255371094
382.2060546875 525.5333251953125
453.86968994140625 394.1499938964844
537.477294921875 474.7715759277344
743.5101928710938 468.79962158203125
597.1969604492188 247.83673095703125
516.5753784179688 495.6734619140625
612.1268920898438 543.44921875
594.2109985351562 543.44921875
564.3511352539062 450.8836975097656
588.239013671875 450.8836975097656
525.5333251953125 394.1499938964844
659.9026489257812 104.50946807861328
552.4071655273438 325.47235107421875
692.7484741210938 534.4912719726562
570.3231201171875 462.82763671875
525.5333251953125 376.23406982421875
710.6643676757812 546.4352416992188
665.8746337890625 209.01893615722656
656.9166259765625 113.46742248535156
674.8325805664062 113.46742248535156
570.3231201171875 361.3041687011719
659.9026489257812 119.43939208984375
552.4071655273438 262.76666259765625
761.4261474609375 319.5003662109375
677.8185424804688 122.42537689208984
752.4681396484375 319.5003662109375
746.4962158203125 373.24810791015625
710.6643676757812 534.4912719726562
671.8465576171875 128.3973388671875
612.1268920898438 92.5655288696289
674.8325805664062 534.4912719726562
767.3980712890625 468.79962158203125
630.0427856445312 546.4352416992188
567.3370971679688 316.514404296875
758.4401245117188 340.40228271484375
758.4401245117188 280.68255615234375
734.55224609375 340.40228271484375
585.2530517578125 173.18711853027344
725.5942993164062 334.4302978515625
633.02880859375 385.1920471191406
659.9026489257812 447.897705078125
671.8465576171875 301.58447265625
615.1128540039062 385.1920471191406
785.3140258789062 456.8556823730469
570.3231201171875 343.38824462890625
525.5333251953125 355.3321838378906
680.8045654296875 143.3272705078125
746.4962158203125 298.5984802246094
552.4071655273438 307.5564270019531
716.6363525390625 313.5284118652344
755.4541625976562 286.654541015625
779.342041015625 328.45831298828125
558.379150390625 226.93484497070312
585.2530517578125 474.7715759277344
594.2109985351562 259.7806701660156
618.098876953125 214.99090576171875
710.6643676757812 155.27120971679688
668.860595703125 214.99090576171875
612.1268920898438 241.86477661132812
800.243896484375 477.757568359375
692.7484741210938 238.8787841796875
725.5942993164062 349.3602294921875
594.2109985351562 271.724609375
540.4632568359375 453.86968994140625
695.7344360351562 262.76666259765625
776.3560791015625 471.78558349609375
644.9727172851562 441.9257507324219
462.82763671875 403.1079406738281
749.482177734375 334.4302978515625
734.55224609375 531.5053100585938
671.8465576171875 462.82763671875
519.5613403320312 367.276123046875
701.7064208984375 531.5053100585938
791.2859497070312 471.78558349609375
719.622314453125 531.5053100585938
767.3980712890625 316.514404296875
483.72955322265625 397.135986328125
152.28521728515625 504.6314392089844
674.8325805664062 232.9068145751953
609.140869140625 316.514404296875
462.82763671875 394.1499938964844
749.482177734375 277.69659423828125
683.79052734375 531.5053100585938
136.16090393066406 508.81182861328125
544.6436157226562 372.6509094238281
555.3931884765625 225.74046325683594
630.6400146484375 326.0695495605469
451.4809265136719 394.1499938964844
680.8045654296875 326.0695495605469
544.6436157226562 383.40045166015625
523.14453125 462.23046875
594.8081665039062 247.2395477294922
730.9691162109375 326.0695495605469
523.14453125 358.31817626953125
666.4718017578125 125.41136169433594
799.049560546875 379.8172912597656
601.9745483398438 354.7350158691406
806.2159423828125 372.6509094238281
820.5486450195312 372.6509094238281
451.4809265136719 376.2341003417969
501.64544677734375 376.2341003417969
523.14453125 376.2341003417969
709.4700317382812 376.2341003417969
150.49363708496094 526.7277221679688
587.641845703125 386.983642578125
555.3931884765625 472.9800109863281
605.5577392578125 232.9068145751953
515.9782104492188 390.56683349609375
687.970947265625 351.1518249511719
555.3931884765625 351.1518249511719
548.226806640625 351.1518249511719
462.23046875 401.3163757324219
154.07681274414062 512.39501953125
723.802734375 168.4095458984375
480.1463623046875 379.8172912597656
777.5504760742188 472.9800109863281
709.4700317382812 154.07681274414062
580.4754638671875 383.40045166015625
494.4790954589844 501.64544677734375
816.9654541015625 347.5686340332031
548.226806640625 365.48455810546875
512.39501953125 365.48455810546875
487.312744140625 365.48455810546875
541.0604858398438 361.9013671875
494.4790954589844 361.9013671875
627.0568237304688 358.31817626953125
498.0622863769531 490.8959045410156
490.8959045410156 386.983642578125
508.81182861328125 386.983642578125
508.81182861328125 483.72955322265625
569.7258911132812 171.99273681640625
584.0586547851562 171.99273681640625
773.96728515625 480.1463623046875
526.7277221679688 390.56683349609375
566.1427612304688 304.5704650878906
734.5523071289062 175.57591247558594
548.226806640625 480.1463623046875
526.7277221679688 480.1463623046875
551.8099975585938 193.4918212890625
705.8868408203125 300.9872741699219
637.806396484375 300.9872741699219
515.9782104492188 480.1463623046875
566.1427612304688 476.5632019042969
766.8009033203125 340.40228271484375
566.1427612304688 311.73681640625
566.1427612304688 340.40228271484375
716.6363525390625 311.73681640625
558.9763793945312 340.40228271484375
576.8922729492188 293.8209228515625
462.23046875 394.1499938964844
752.4682006835938 472.9800109863281
623.4736328125 318.9031982421875
734.5523071289062 472.9800109863281
447.8977355957031 408.48272705078125
723.802734375 333.23590087890625
752.4682006835938 318.9031982421875
766.8009033203125 318.9031982421875
537.477294921875 472.9800109863281
777.5504760742188 322.4863586425781
673.63818359375 232.9068145751953
673.63818359375 111.0786361694336
558.9763793945312 383.40045166015625
723.802734375 347.5686340332031
698.720458984375 157.66000366210938
659.3054809570312 121.82818603515625
415.64910888671875 498.0622863769531
612.72412109375 240.07318115234375
601.9745483398438 333.23590087890625
709.4700317382812 290.23773193359375
781.1336669921875 455.0640869140625
480.1463623046875 394.1499938964844
781.1336669921875 336.819091796875
551.8099975585938 304.5704650878906
555.3931884765625 462.23046875
591.2250366210938 254.40591430664062
734.5523071289062 340.40228271484375
551.8099975585938 261.572265625
695.1372680664062 261.572265625
569.7258911132812 390.56683349609375
573.30908203125 469.3968200683594
670.0549926757812 300.9872741699219
716.6363525390625 297.4040832519531
609.1409301757812 343.9854736328125
587.641845703125 354.7350158691406
662.888671875 451.4809265136719
566.1427612304688 372.6509094238281
745.3018188476562 372.6509094238281
705.8868408203125 369.0677185058594
680.8045654296875 143.3272705078125
379.8172912597656 523.14453125
594.8081665039062 268.7386474609375
677.2213745117188 121.82818603515625
533.8941040039062 347.5686340332031
723.802734375 383.40045166015625
584.0586547851562 308.15362548828125
154.07681274414062 505.2286376953125
691.5540771484375 236.49000549316406
677.2213745117188 458.64727783203125
401.3163757324219 508.81182861328125
738.1354370117188 372.6509094238281
655.7222900390625 111.0786361694336
752.4682006835938 265.15545654296875
551.8099975585938 322.4863586425781
773.96728515625 304.5704650878906
533.8941040039062 304.5704650878906
