301.52813720703125 645.1011962890625
318.7197265625 646.3051147460938
545.402587890625 373.24383544921875
404.0551452636719 734.5275268554688
391.1179504394531 858.0045166015625
404.0551452636719 734.5275268554688
587.1312255859375 603.9166259765625
391.5656433105469 836.052978515625
488.90118408203125 373.3631896972656
319.39361572265625 638.020263671875
319.39361572265625 638.020263671875
587.1312255859375 603.9166259765625
485.3085632324219 667.119873046875
488.90118408203125 373.3631896972656
488.90118408203125 373.3631896972656
545.402587890625 373.24383544921875
545.402587890625 373.24383544921875
403.0675354003906 659.3248291015625
488.8619079589844 382.193359375
320.7667236328125 641.9283447265625
320.7667236328125 641.9283447265625
488.8619079589844 382.193359375
402.3076477050781 643.1256103515625
586.834716796875 637.0510864257812
586.834716796875 637.0510864257812
321.6369934082031 647.0783081054688
321.6369934082031 647.0783081054688
485.7064208984375 637.1851806640625
553.2870483398438 637.1074829101562
402.3076477050781 643.1256103515625
546.3545532226562 642.9515380859375
401.1786804199219 721.1552734375
488.11334228515625 710.6001586914062
401.1786804199219 721.1552734375
401.1786804199219 721.1552734375
323.6817626953125 645.4951171875
323.6817626953125 645.4951171875
400.5437316894531 675.1870727539062
546.8365478515625 662.5994262695312
487.326171875 404.350341796875
546.8365478515625 662.5994262695312
546.8365478515625 662.5994262695312
585.6209106445312 372.82427978515625
585.053955078125 657.6056518554688
324.0902404785156 684.66845703125
324.0902404785156 684.66845703125
585.053955078125 657.6056518554688
584.7879028320312 729.9926147460938
584.7879028320312 729.9926147460938
546.9251708984375 353.964111328125
551.4562377929688 676.3885498046875
324.3227233886719 639.4395751953125
324.3227233886719 639.4395751953125
324.63677978515625 676.3289794921875
584.7879028320312 729.9926147460938
394.2481994628906 666.9749755859375
546.9251708984375 353.964111328125
397.5589294433594 679.0416870117188
397.5589294433594 679.0416870117188
550.5889282226562 686.41064453125
394.9237365722656 652.5850219726562
396.84210205078125 685.5568237304688
396.84210205078125 685.5568237304688
396.7681579589844 736.5806274414062
396.7681579589844 736.5806274414062
327.8531494140625 637.4494018554688
850.285400390625 878.995361328125
850.285400390625 878.995361328125
396.7681579589844 736.5806274414062
395.8450012207031 637.1175537109375
792.2689819335938 789.7898559570312
328.1566162109375 681.484130859375
773.424072265625 761.0516967773438
769.5694580078125 758.866455078125
769.5694580078125 758.866455078125
395.62744140625 637.49658203125
489.2709045410156 875.7913818359375
328.5841064453125 738.9307861328125
489.80364990234375 424.8880920410156
759.5303955078125 753.351806640625
482.9634094238281 441.0281066894531
583.3866577148438 662.3908081054688
759.5303955078125 753.351806640625
749.8422241210938 725.3140258789062
490.0137939453125 416.02764892578125
746.279541015625 789.0667114257812
746.279541015625 789.0667114257812
482.89373779296875 432.958984375
732.3336181640625 698.6183471679688
490.0137939453125 416.02764892578125
582.804931640625 642.9992065429688
482.47747802734375 424.87506103515625
482.47747802734375 424.87506103515625
582.804931640625 642.9992065429688
490.0137939453125 416.02764892578125
331.4613342285156 642.4054565429688
331.59417724609375 639.1566162109375
331.59417724609375 639.1566162109375
482.23114013671875 164.56582641601562
490.0137939453125 416.02764892578125
481.6921691894531 639.3990478515625
481.6921691894531 639.3990478515625
490.0137939453125 416.02764892578125
490.0781555175781 432.97247314453125
490.1521301269531 441.0457763671875
720.3473510742188 680.3571166992188
718.8722534179688 691.5693359375
480.8354187011719 880.3546142578125
480.70843505859375 373.5640869140625
480.70843505859375 373.5640869140625
480.70843505859375 373.5640869140625
480.6601257324219 875.4237670898438
480.6601257324219 875.4237670898438
480.58709716796875 382.0740966796875
490.4365234375 73.43428039550781
491.06219482421875 144.35989379882812
715.28564453125 675.4336547851562
581.824462890625 657.4779663085938
491.06219482421875 144.35989379882812
491.1494445800781 138.75106811523438
478.7778625488281 420.5445861816406
478.7778625488281 420.5445861816406
478.6820983886719 642.9957885742188
478.6820983886719 642.9957885742188
478.5364990234375 662.4620361328125
478.5364990234375 662.4620361328125
711.7852172851562 666.78466796875
478.5364990234375 662.4620361328125
478.0377502441406 232.6910858154297
478.0377502441406 232.6910858154297
492.4355163574219 707.0459594726562
336.5069580078125 675.2137451171875
336.5069580078125 675.2137451171875
492.5679016113281 643.0594482421875
476.7528381347656 273.4835205078125
492.5679016113281 643.0594482421875
476.6175537109375 877.8274536132812
493.482421875 652.5225830078125
56.814361572265625 859.59619140625
704.0322875976562 684.5675659179688
475.8926696777344 441.0076904296875
704.0322875976562 684.5675659179688
475.7294006347656 432.9881286621094
580.3602905273438 665.38525390625
580.1248168945312 682.1705322265625
493.482421875 652.5225830078125
475.04705810546875 424.8674621582031
475.04705810546875 424.8674621582031
698.0230102539062 681.7379150390625
698.0230102539062 681.7379150390625
475.04705810546875 424.8674621582031
475.04705810546875 424.8674621582031
474.9168395996094 603.968017578125
474.5855712890625 611.3658447265625
474.5272216796875 565.1737670898438
694.0526733398438 641.4959716796875
496.81024169921875 611.0283203125
496.81024169921875 611.0283203125
497.001708984375 372.8658752441406
692.697509765625 684.6117553710938
497.001708984375 372.8658752441406
497.001708984375 372.8658752441406
692.697509765625 684.6117553710938
497.001708984375 372.8658752441406
691.8763427734375 676.3590698242188
691.8763427734375 676.3590698242188
497.09881591796875 603.970458984375
577.91015625 590.9268798828125
472.69683837890625 381.9353332519531
339.94073486328125 604.10986328125
497.09881591796875 603.970458984375
472.6864013671875 373.54376220703125
472.6864013671875 373.54376220703125
340.4927673339844 565.1134643554688
690.2722778320312 637.3067626953125
340.4930725097656 568.627197265625
340.4930725097656 568.627197265625
472.6864013671875 373.54376220703125
686.900146484375 681.4727783203125
472.6864013671875 373.54376220703125
341.0367736816406 658.2172241210938
341.0367736816406 658.2172241210938
341.0906066894531 690.9931030273438
685.5800170898438 636.4127197265625
685.5800170898438 636.4127197265625
341.23614501953125 729.5751953125
682.3009033203125 746.39990234375
682.3009033203125 746.39990234375
341.23614501953125 729.5751953125
341.37786865234375 646.05908203125
681.134521484375 640.0684814453125
681.134521484375 640.0684814453125
680.9116821289062 684.6159057617188
341.37786865234375 646.05908203125
497.14111328125 83.257080078125
497.14111328125 83.257080078125
576.7283325195312 667.1111450195312
472.2920837402344 259.530517578125
472.1778259277344 875.6073608398438
677.0989990234375 604.009765625
677.0989990234375 604.009765625
676.5089111328125 611.3192138671875
676.3214721679688 665.0165405273438
472.1778259277344 875.6073608398438
497.2765197753906 441.0716247558594
497.2765197753906 441.0716247558594
674.8982543945312 681.4522094726562
471.17041015625 290.6379089355469
674.3133544921875 638.078857421875
674.3133544921875 638.078857421875
576.3474731445312 652.557373046875
576.3474731445312 652.557373046875
576.3474731445312 652.557373046875
471.17041015625 290.6379089355469
575.91064453125 681.0128173828125
497.2765197753906 441.0716247558594
343.6855163574219 642.0619506835938
672.9298706054688 641.7543334960938
672.9298706054688 641.7543334960938
672.3203125 647.086181640625
672.3203125 647.086181640625
575.91064453125 681.0128173828125
497.28509521484375 432.91094970703125
669.76904296875 645.1268920898438
470.9085998535156 272.644287109375
669.76904296875 645.1268920898438
669.7030029296875 684.5908813476562
669.46826171875 639.227294921875
669.46826171875 639.227294921875
669.414306640625 851.1461791992188
669.414306640625 851.1461791992188
345.1230163574219 714.08349609375
575.7564086914062 637.1365966796875
669.1007690429688 676.26171875
669.1007690429688 676.26171875
345.3760986328125 664.0939331054688
470.6184387207031 652.4370727539062
469.9824523925781 643.1155395507812
346.8641662597656 639.3877563476562
346.8641662597656 639.3877563476562
469.9824523925781 643.1155395507812
469.7441101074219 662.6898193359375
469.7441101074219 662.6898193359375
469.7441101074219 662.6898193359375
469.7441101074219 662.6898193359375
497.8282775878906 875.8889770507812
666.1539916992188 642.2410278320312
666.1539916992188 642.2410278320312
347.5817565917969 675.9270629882812
665.9110107421875 637.4479370117188
468.6657409667969 441.0044250488281
468.6657409667969 441.0044250488281
663.8843994140625 681.41748046875
468.6657409667969 441.0044250488281
663.2091674804688 644.9559936523438
663.2091674804688 644.9559936523438
662.4844970703125 639.3192749023438
662.338623046875 642.4262084960938
662.338623046875 642.4262084960938
468.6231994628906 353.0265197753906
468.6080017089844 432.8177490234375
499.1558837890625 77.09508514404297
468.0996398925781 657.7164916992188
350.11663818359375 637.4931030273438
350.1173095703125 645.5881958007812
499.4994812011719 702.3114013671875
499.9020690917969 659.08251953125
499.9020690917969 659.08251953125
499.9746398925781 639.844970703125
571.6900024414062 639.2730712890625
351.552001953125 667.4597778320312
351.552001953125 667.4597778320312
658.1939086914062 684.6914672851562
351.6073303222656 827.56591796875
571.6900024414062 639.2730712890625
571.4645385742188 678.3314208984375
467.4758605957031 703.916259765625
657.6770629882812 674.9863891601562
464.61248779296875 381.78973388671875
570.9913330078125 727.3530883789062
501.3006591796875 642.8390502929688
501.3006591796875 642.8390502929688
502.16265869140625 637.7083129882812
502.16265869140625 637.7083129882812
463.9810791015625 875.8734741210938
463.9810791015625 875.8734741210938
395.62744140625 637.49658203125
569.6608276367188 373.1880187988281
354.2051696777344 639.1653442382812
354.2051696777344 639.1653442382812
654.418212890625 603.9083862304688
463.93121337890625 876.1388549804688
654.418212890625 603.9083862304688
569.6608276367188 373.1880187988281
463.18939208984375 637.1421508789062
653.9331665039062 590.6201782226562
462.9867858886719 652.6441040039062
484.0540466308594 707.0221557617188
653.3038330078125 568.5582275390625
653.3038330078125 568.5582275390625
653.2533569335938 565.1674194335938
652.98291015625 658.001953125
652.28662109375 645.7568969726562
652.28662109375 645.7568969726562
651.965087890625 691.0054321289062
569.573974609375 662.4859619140625
569.573974609375 662.4859619140625
462.9867858886719 652.6441040039062
462.9867858886719 652.6441040039062
568.9429931640625 642.9558715820312
568.9429931640625 642.9558715820312
462.5286865234375 667.064453125
568.8548583984375 272.1145935058594
650.1769409179688 641.88818359375
356.19073486328125 655.4400024414062
649.3845825195312 547.5315551757812
649.3845825195312 547.5315551757812
648.520751953125 667.4544067382812
648.520751953125 667.4544067382812
504.2217712402344 639.2525634765625
356.55133056640625 651.8355712890625
647.2110595703125 645.1318969726562
647.2110595703125 645.1318969726562
646.98681640625 639.131591796875
646.98681640625 639.131591796875
646.8451538085938 713.0640258789062
646.8451538085938 713.0640258789062
356.6417236328125 702.4113159179688
646.2686157226562 676.3411254882812
646.2686157226562 676.3411254882812
646.2686157226562 676.3411254882812
356.9226379394531 641.7095336914062
504.2217712402344 639.2525634765625
504.5768737792969 441.0232849121094
504.5810852050781 416.0498352050781
504.5810852050781 416.0498352050781
645.2223510742188 834.4242553710938
504.5810852050781 416.0498352050781
504.6138610839844 432.93975830078125
644.9171752929688 657.4957275390625
568.39501953125 659.9768676757812
568.39501953125 659.9768676757812
504.8205261230469 424.912841796875
643.6423950195312 645.5767211914062
643.6423950195312 645.5767211914062
643.6423950195312 645.5767211914062
643.5938110351562 642.1738891601562
643.4218139648438 637.4365234375
504.8205261230469 424.912841796875
504.8205261230469 424.912841796875
642.2589111328125 667.5106811523438
642.2589111328125 667.5106811523438
642.099853515625 681.0057373046875
642.099853515625 681.0057373046875
505.0504150390625 382.1856689453125
505.1084899902344 373.4875183105469
505.1084899902344 373.4875183105469
505.1084899902344 373.4875183105469
640.3837890625 645.1625366210938
505.1084899902344 373.4875183105469
506.27081298828125 875.8013305664062
506.27081298828125 875.8013305664062
639.8577270507812 639.3095092773438
459.44610595703125 639.5991821289062
506.5301513671875 710.5525512695312
506.5301513671875 710.5525512695312
459.0263977050781 388.0522766113281
459.0263977050781 388.0522766113281
458.1708068847656 658.3025512695312
458.1708068847656 658.3025512695312
508.2754821777344 637.1669311523438
636.9407958984375 641.7395629882812
636.9407958984375 641.7395629882812
636.3375244140625 702.2993774414062
636.3375244140625 702.2993774414062
636.2867431640625 657.6744384765625
508.64788818359375 420.7608337402344
635.968994140625 839.6544799804688
635.813720703125 846.5643310546875
362.06939697265625 611.4982299804688
635.3589477539062 639.2911376953125
635.3589477539062 639.2911376953125
362.2638244628906 604.1890869140625
362.2638244628906 604.1890869140625
510.5954284667969 707.137451171875
510.5954284667969 707.137451171875
456.1731872558594 642.9606323242188
456.1731872558594 642.9606323242188
566.0111083984375 690.1109619140625
455.7235412597656 662.3862915039062
455.7235412597656 662.3862915039062
632.1328125 604.0421752929688
511.5885925292969 441.00628662109375
363.5105895996094 657.8311767578125
454.88812255859375 355.40728759765625
454.3607482910156 659.296142578125
454.3607482910156 659.296142578125
511.6690368652344 432.9306945800781
630.1663208007812 657.9862670898438
630.1663208007812 657.9862670898438
512.0811157226562 424.90716552734375
364.7121276855469 638.5767211914062
364.7121276855469 638.5767211914062
512.0811157226562 424.90716552734375
453.16314697265625 376.846923828125
452.4278564453125 604.0198364257812
629.0819702148438 638.5721435546875
629.0819702148438 638.5721435546875
365.1368408203125 702.9949340820312
365.1368408203125 702.9949340820312
452.4278564453125 604.0198364257812
512.3910522460938 416.5943603515625
512.3910522460938 416.5943603515625
512.3910522460938 416.5943603515625
564.4576416015625 603.9629516601562
627.1948852539062 854.632568359375
627.1948852539062 854.632568359375
625.993896484375 651.7655029296875
452.0131530761719 711.140869140625
564.4576416015625 603.9629516601562
625.3530883789062 712.8318481445312
452.0131530761719 711.140869140625
625.3530883789062 712.8318481445312
452.0131530761719 711.140869140625
451.9930114746094 611.178955078125
512.3910522460938 416.5943603515625
563.963134765625 565.3287963867188
624.813232421875 688.6536865234375
451.91436767578125 637.021728515625
451.91436767578125 637.021728515625
624.135009765625 689.400146484375
513.1309814453125 373.46160888671875
624.135009765625 689.400146484375
623.9824829101562 636.5941772460938
451.1984558105469 886.4683837890625
623.9824829101562 636.5941772460938
513.1309814453125 373.46160888671875
368.053955078125 651.6942749023438
451.0959777832031 366.1241455078125
513.1309814453125 373.46160888671875
562.476806640625 658.00634765625
513.1309814453125 373.46160888671875
513.1387939453125 382.0799560546875
515.1576538085938 643.1168823242188
621.1429443359375 646.1541748046875
621.1429443359375 646.1541748046875
620.7235717773438 667.400634765625
369.5630798339844 689.5287475585938
369.5630798339844 689.5287475585938
369.86761474609375 636.5755615234375
515.1576538085938 643.1168823242188
617.0762939453125 664.9813842773438
448.62506103515625 373.11126708984375
448.62506103515625 373.11126708984375
448.62506103515625 373.11126708984375
515.1655883789062 663.016845703125
617.0762939453125 664.9813842773438
515.1655883789062 663.016845703125
515.1655883789062 663.016845703125
447.4706726074219 643.1047973632812
446.95166015625 662.707763671875
446.95166015625 662.707763671875
446.95166015625 662.707763671875
614.9386596679688 667.2554321289062
515.5794677734375 256.2386779785156
614.1651000976562 656.4623413085938
515.8323364257812 420.55047607421875
518.78076171875 440.99542236328125
518.8323364257812 432.98089599609375
442.5432434082031 668.0765380859375
372.47808837890625 646.61328125
442.5432434082031 668.0765380859375
519.5180053710938 424.87628173828125
519.5180053710938 424.87628173828125
561.5496826171875 372.8109130859375
561.5496826171875 372.8109130859375
519.5180053710938 424.87628173828125
519.6010131835938 604.0300903320312
611.0752563476562 705.8055419921875
611.0752563476562 705.8055419921875
373.3934326171875 667.2568969726562
373.3934326171875 667.2568969726562
561.5496826171875 372.8109130859375
270.88037109375 809.9125366210938
519.6010131835938 604.0300903320312
440.6950378417969 637.1137084960938
610.5181274414062 851.4044189453125
610.5181274414062 851.4044189453125
440.51605224609375 674.7142333984375
610.3432006835938 838.3848876953125
610.3432006835938 838.3848876953125
609.7274780273438 603.9226684570312
440.4130859375 652.6156616210938
273.7419738769531 681.260498046875
273.7419738769531 681.260498046875
440.4130859375 652.6156616210938
274.6145324707031 691.6575927734375
274.6145324707031 691.6575927734375
561.0372924804688 655.3823852539062
440.4130859375 652.6156616210938
439.781005859375 667.107177734375
520.6986083984375 273.52679443359375
436.9418640136719 676.359375
608.4508056640625 565.221923828125
436.43780517578125 877.5575561523438
607.9590454101562 682.4589233398438
607.9590454101562 682.4589233398438
278.1246032714844 675.7158813476562
278.1246032714844 675.7158813476562
436.43780517578125 877.5575561523438
607.3933715820312 877.7955932617188
436.0201721191406 646.6339721679688
606.3436889648438 662.2996215820312
560.2320556640625 643.0059814453125
376.39984130859375 831.255126953125
376.39984130859375 831.255126953125
280.52642822265625 676.06982421875
606.3436889648438 662.2996215820312
436.0201721191406 646.6339721679688
282.19134521484375 667.0525512695312
523.5750732421875 879.3475952148438
523.5750732421875 879.3475952148438
376.9491882324219 684.8869018554688
605.3285522460938 726.8610229492188
605.3285522460938 726.8610229492188
376.9491882324219 684.8869018554688
604.9949951171875 642.7413330078125
560.2320556640625 643.0059814453125
523.728271484375 875.4313354492188
523.728271484375 875.4313354492188
559.4111938476562 861.8093872070312
604.4378051757812 657.49951171875
523.8427124023438 642.9137573242188
523.8427124023438 642.9137573242188
523.8571166992188 273.5745544433594
523.9521484375 662.2647094726562
559.2056884765625 657.4005126953125
433.6010437011719 642.8717651367188
433.6010437011719 642.8717651367188
433.6010437011719 642.8717651367188
523.9521484375 662.2647094726562
378.8733215332031 688.2040405273438
378.8733215332031 688.2040405273438
601.6448364257812 667.9456787109375
379.1581115722656 667.5393676757812
379.1581115722656 667.5393676757812
523.9521484375 662.2647094726562
379.48406982421875 656.7053833007812
380.2831726074219 852.2191772460938
433.0053405761719 662.4354248046875
433.0053405761719 662.4354248046875
433.0053405761719 662.4354248046875
380.5378112792969 843.4014282226562
380.5378112792969 843.4014282226562
524.81689453125 710.5174560546875
432.52154541015625 373.0070495605469
599.5380859375 667.1004638671875
380.82574462890625 833.9617309570312
558.4535522460938 677.5220336914062
432.52154541015625 373.0070495605469
558.4535522460938 677.5220336914062
432.52154541015625 373.0070495605469
525.8847045898438 440.983642578125
525.8847045898438 440.983642578125
525.8847045898438 440.983642578125
525.991943359375 432.876708984375
431.5732421875 658.9229125976562
295.3072509765625 681.7311401367188
295.3072509765625 681.7311401367188
526.151123046875 416.2151184082031
431.03326416015625 666.7097778320312
598.2034912109375 637.6178588867188
598.2034912109375 637.6178588867188
431.03326416015625 666.7097778320312
526.151123046875 416.2151184082031
526.151123046875 416.2151184082031
598.2034912109375 637.6178588867188
597.6859130859375 736.5169677734375
526.2171630859375 639.01904296875
526.2171630859375 639.01904296875
430.0363464355469 565.119140625
596.3867797851562 699.7650756835938
299.4080505371094 646.9942016601562
299.8293151855469 642.20068359375
596.3867797851562 699.7650756835938
429.9185791015625 603.8160400390625
425.60528564453125 678.2881469726562
424.8990783691406 643.0886840820312
424.8990783691406 643.0886840820312
424.4724426269531 372.7031555175781
300.6026306152344 667.3633422851562
424.4724426269531 372.7031555175781
424.4724426269531 372.7031555175781
301.52813720703125 645.1011962890625
424.1600036621094 662.6920166015625
301.80828857421875 676.559814453125
556.0130004882812 667.9989013671875
302.60028076171875 834.5402221679688
424.1600036621094 662.6920166015625
424.1600036621094 662.6920166015625
530.7286987304688 637.158203125
531.2915649414062 667.1162109375
531.885498046875 876.26123046875
533.1824340820312 377.0736999511719
384.6569519042969 611.2106323242188
422.1519775390625 678.1690673828125
533.5245361328125 667.9716186523438
533.5245361328125 667.9716186523438
533.60107421875 704.9097290039062
420.610595703125 665.4161987304688
420.610595703125 665.4161987304688
385.2894287109375 565.107421875
534.0875854492188 639.5437622070312
419.9696044921875 343.7277526855469
594.1341552734375 639.1683349609375
594.1341552734375 639.1683349609375
419.2560729980469 872.5396118164062
534.728271484375 665.4237060546875
534.728271484375 665.4237060546875
306.1723327636719 681.9853515625
535.8025512695312 658.009765625
418.2034912109375 637.1126098632812
593.2582397460938 381.0354919433594
417.84124755859375 652.5321655273438
417.84124755859375 652.5321655273438
417.84124755859375 652.5321655273438
417.12884521484375 682.280029296875
416.9926452636719 667.0866088867188
537.6915893554688 643.0999755859375
537.6915893554688 643.0999755859375
308.0612487792969 636.5013427734375
308.0612487792969 636.5013427734375
538.03564453125 662.5713500976562
538.03564453125 662.5713500976562
538.03564453125 662.5713500976562
414.44549560546875 639.5127563476562
591.4393310546875 642.904541015625
539.1094970703125 355.4150085449219
309.5626220703125 656.5341186523438
411.72564697265625 352.746826171875
311.3436279296875 744.7437744140625
554.0240478515625 667.16015625
411.1034851074219 642.7841186523438
590.9149780273438 659.595458984375
590.9149780273438 659.595458984375
411.1034851074219 642.7841186523438
312.6211853027344 640.7103271484375
312.6211853027344 640.7103271484375
590.2802734375 734.75634765625
387.48760986328125 662.3643798828125
589.951416015625 376.9526672363281
542.15625 604.0421752929688
313.8387451171875 762.5632934570312
313.8387451171875 762.5632934570312
589.951416015625 376.9526672363281
542.4461059570312 711.187255859375
542.4461059570312 711.187255859375
542.4461059570312 711.187255859375
409.9070129394531 730.1563720703125
408.38616943359375 666.6521606445312
388.88494873046875 642.6956176757812
589.4271850585938 388.10198974609375
408.38616943359375 666.6521606445312
408.3041076660156 373.01300048828125
589.2394409179688 680.8933715820312
408.3041076660156 373.01300048828125
407.9073181152344 718.6058959960938
407.9073181152344 718.6058959960938
553.556884765625 652.5714111328125
553.556884765625 652.5714111328125
407.2010192871094 604.0602416992188
553.556884765625 652.5714111328125
317.21826171875 611.4252319335938
317.2197265625 604.124267578125
406.99957275390625 611.30615234375
405.001953125 681.3602294921875
553.529541015625 373.3548889160156
405.001953125 681.3602294921875
405.001953125 681.3602294921875
545.291748046875 659.2631225585938
545.291748046875 659.2631225585938
318.48162841796875 681.6427612304688
318.48162841796875 681.6427612304688
545.402587890625 373.24383544921875
653.5035400390625 664.971923828125
594.9078979492188 677.4533081054688
545.968994140625 567.0269165039062
484.47833251953125 170.60757446289062
488.994140625 665.362060546875
502.4767761230469 652.8833618164062
488.9628601074219 366.3681945800781
354.28131103515625 557.9852294921875
503.2576904296875 112.34635925292969
485.0514831542969 194.5526885986328
503.2576904296875 112.34635925292969
463.0146789550781 642.8590698242188
463.0146789550781 642.8590698242188
503.7880554199219 662.3536987304688
485.4916076660156 646.1904296875
485.4916076660156 646.1904296875
462.7542419433594 646.4208374023438
485.5433654785156 642.8236694335938
485.5433654785156 642.8236694335938
462.62933349609375 662.1023559570312
355.82269287109375 706.9074096679688
462.47906494140625 658.3861694335938
485.8397521972656 662.0592041015625
462.47906494140625 658.3861694335938
504.1587219238281 665.4595947265625
391.4019470214844 847.37939453125
391.0732116699219 852.0291137695312
488.06915283203125 667.9995727539062
488.06915283203125 667.9995727539062
568.6468505859375 440.71197509765625
553.4274291992188 642.7467041015625
359.61138916015625 628.2479248046875
359.61138916015625 628.2479248046875
505.370361328125 86.93470764160156
404.5395812988281 628.4140625
404.5395812988281 628.4140625
486.48681640625 181.45465087890625
486.5288391113281 869.2647094726562
486.5337219238281 436.57635498046875
486.5337219238281 436.57635498046875
486.5337219238281 436.57635498046875
505.67523193359375 125.97429656982422
545.291015625 382.0077209472656
505.67523193359375 125.97429656982422
505.975830078125 385.4208068847656
905.4555053710938 879.0416259765625
905.4555053710938 879.0416259765625
901.6409912109375 828.6395874023438
901.1356811523438 841.2849731445312
901.1356811523438 841.2849731445312
553.4274291992188 642.7467041015625
390.32843017578125 665.3750610351562
897.7266235351562 799.2708740234375
506.1126708984375 68.5693588256836
506.3247375488281 880.390625
545.12841796875 640.2496948242188
405.850830078125 388.60101318359375
506.4495544433594 365.9815368652344
458.9941101074219 665.2762451171875
507.58978271484375 110.49850463867188
507.9770812988281 181.311279296875
508.08331298828125 436.5830078125
406.476806640625 651.9972534179688
763.2554931640625 758.3255615234375
406.476806640625 651.9972534179688
508.08331298828125 436.5830078125
407.0594482421875 457.9696350097656
407.0594482421875 457.9696350097656
731.888916015625 796.19873046875
508.08331298828125 436.5830078125
458.17132568359375 347.86090087890625
361.574462890625 639.8307495117188
508.18719482421875 642.7333984375
508.18719482421875 642.7333984375
508.2344970703125 662.0985717773438
726.4943237304688 808.1361694335938
407.90179443359375 381.4605712890625
407.90179443359375 381.4605712890625
724.2207641601562 691.5045776367188
553.5750122070312 368.69915771484375
508.2353515625 646.5873413085938
508.2353515625 646.5873413085938
457.5949401855469 306.1449279785156
389.1985778808594 652.6976928710938
457.4964904785156 567.0269165039062
457.4964904785156 567.0269165039062
361.76837158203125 639.0034790039062
408.5311584472656 760.0231323242188
361.76837158203125 639.0034790039062
718.001708984375 804.8096923828125
444.3418884277344 639.4789428710938
542.4581909179688 652.3429565429688
509.0511779785156 220.78977966308594
409.4939880371094 602.3905639648438
457.2218322753906 652.77783203125
553.8097534179688 662.04931640625
457.2218322753906 652.77783203125
509.3373718261719 702.5386962890625
714.0790405273438 798.1922607421875
553.975830078125 385.40435791015625
509.3373718261719 702.5386962890625
410.31494140625 306.2961120605469
510.0339050292969 170.32485961914062
566.4493408203125 562.30712890625
566.4493408203125 562.30712890625
456.0274963378906 361.39044189453125
455.50433349609375 77.16336822509766
454.1857604980469 341.9446105957031
707.4557495117188 785.5126342773438
511.6560363769531 567.0397338867188
706.0993041992188 778.574462890625
542.0540771484375 831.99853515625
706.0993041992188 778.574462890625
57.192195892333984 887.9649658203125
511.6560363769531 567.0397338867188
512.0330810546875 869.4580688476562
512.0944213867188 665.434326171875
453.09454345703125 705.977783203125
411.2641906738281 683.9586181640625
698.5934448242188 633.9110717773438
411.2641906738281 683.9586181640625
565.0993041992188 388.32965087890625
565.09521484375 652.3561401367188
565.09521484375 652.3561401367188
365.4540100097656 801.1797485351562
541.0872192382812 280.50897216796875
387.09344482421875 602.3465576171875
564.0568237304688 568.34326171875
564.0568237304688 568.34326171875
451.8753356933594 43.748558044433594
692.1345825195312 681.1801147460938
451.8753356933594 43.748558044433594
540.0875854492188 705.9247436523438
691.7041625976562 607.6842041015625
691.7041625976562 607.6842041015625
412.5960693359375 673.628173828125
451.74102783203125 652.2894287109375
691.7041625976562 607.6842041015625
451.74102783203125 652.2894287109375
689.14892578125 650.4498291015625
689.14892578125 650.4498291015625
689.1318359375 646.0254516601562
412.96923828125 365.15350341796875
685.7933959960938 645.0100708007812
451.51617431640625 122.4095687866211
451.51617431640625 122.4095687866211
682.9081420898438 573.9568481445312
681.8892211914062 737.7882690429688
413.13616943359375 665.4788208007812
513.0264282226562 263.0142822265625
486.5337219238281 436.57635498046875
413.908447265625 432.8349609375
386.9393615722656 872.3012084960938
562.931640625 864.0292358398438
562.3673706054688 830.5904541015625
561.96533203125 385.41729736328125
513.8113403320312 385.40643310546875
514.0173950195312 178.4496612548828
449.7762451171875 393.18853759765625
449.47174072265625 628.470947265625
674.0382080078125 628.4415893554688
674.0382080078125 628.4415893554688
386.9393615722656 872.3012084960938
414.4656677246094 548.5
449.47174072265625 628.470947265625
514.1434936523438 208.49002075195312
414.5215759277344 716.0300903320312
670.1015014648438 687.376220703125
89.2109603881836 881.5313720703125
514.5157470703125 352.587646484375
669.3663940429688 681.1445922851562
668.967529296875 651.58740234375
414.80987548828125 590.7645874023438
414.80987548828125 590.7645874023438
514.5967407226562 216.80572509765625
667.8375854492188 721.5502319335938
514.6795043945312 363.14532470703125
514.7980346679688 344.1069641113281
414.9610595703125 731.9808349609375
414.9610595703125 731.9808349609375
369.0267639160156 796.6972045898438
666.4163818359375 798.171142578125
370.3188781738281 700.087158203125
415.25018310546875 392.35076904296875
448.5323486328125 343.6867370605469
448.0438537597656 566.9100341796875
386.6317443847656 830.0433959960938
660.4983520507812 663.5149536132812
660.4983520507812 663.5149536132812
416.13311767578125 853.40087890625
416.2063293457031 559.8507690429688
386.6317443847656 830.0433959960938
111.61164093017578 843.2872924804688
447.24017333984375 353.4881286621094
515.1884155273438 436.52874755859375
515.1884155273438 436.52874755859375
658.4347534179688 687.39697265625
515.1884155273438 436.52874755859375
515.2098999023438 577.2089233398438
446.902099609375 398.4979553222656
536.6884765625 567.0964965820312
416.97247314453125 658.8052368164062
416.97247314453125 658.8052368164062
657.5626831054688 564.9771118164062
446.5606689453125 432.2477111816406
561.7513427734375 628.4881591796875
417.0703125 662.08740234375
385.9906005859375 849.8889770507812
536.6884765625 567.0964965820312
515.7155151367188 225.003662109375
655.6961669921875 704.0722045898438
446.03387451171875 363.2095947265625
536.0145874023438 435.1607360839844
542.4581909179688 652.3429565429688
654.7002563476562 747.5447998046875
515.813232421875 652.5116577148438
417.4768371582031 363.3304443359375
445.945068359375 133.1331329345703
653.7232666015625 584.197509765625
651.752197265625 811.8551635742188
651.752197265625 811.8551635742188
651.53369140625 628.494873046875
515.813232421875 652.5116577148438
516.5517578125 168.2963409423828
650.9949951171875 624.0812377929688
650.9949951171875 624.0812377929688
385.9906005859375 849.8889770507812
385.98321533203125 676.5380859375
648.0679931640625 658.8242797851562
648.0679931640625 658.8242797851562
646.5580444335938 567.05615234375
426.8961181640625 355.8743896484375
417.9289245605469 646.5692138671875
417.9289245605469 646.5692138671875
536.0145874023438 435.1607360839844
418.022216796875 642.7669067382812
444.3418884277344 639.4789428710938
645.0185546875 661.4887084960938
516.818359375 628.4796142578125
517.24755859375 856.290283203125
443.15106201171875 422.9301452636719
643.0689086914062 556.967529296875
643.0506591796875 827.5930786132812
641.1697387695312 665.0896606445312
517.24755859375 856.290283203125
517.24755859375 856.290283203125
519.2598876953125 15.509153366088867
640.17724609375 834.349365234375
640.1602783203125 557.8710327148438
535.8425903320312 306.40899658203125
385.8805847167969 682.6126098632812
519.2598876953125 15.509153366088867
519.2598876953125 15.509153366088867
519.3237915039062 568.7814331054688
637.4469604492188 664.6334228515625
637.4469604492188 664.6334228515625
519.3237915039062 568.7814331054688
440.59295654296875 441.0698547363281
440.5454406738281 642.7940673828125
418.9394226074219 353.60882568359375
440.5454406738281 642.7940673828125
440.45269775390625 646.634521484375
419.14764404296875 335.1513366699219
385.8805847167969 682.6126098632812
385.8805847167969 682.6126098632812
554.8145141601562 353.82928466796875
633.8382568359375 692.8848876953125
440.45269775390625 646.634521484375
632.309814453125 639.7579345703125
561.1629638671875 623.6367797851562
534.4371948242188 639.36279296875
534.4371948242188 639.36279296875
560.8950805664062 485.8371276855469
631.3197631835938 838.905517578125
631.3197631835938 838.905517578125
630.0220336914062 702.7285766601562
630.0220336914062 702.7285766601562
519.724365234375 652.27978515625
629.1769409179688 628.4058837890625
629.1769409179688 628.4058837890625
554.85107421875 190.08782958984375
440.1419677734375 864.4692993164062
230.9877166748047 759.147216796875
230.9877166748047 759.147216796875
230.9877166748047 759.147216796875
420.031005859375 407.59454345703125
420.031005859375 407.59454345703125
519.724365234375 652.27978515625
520.4603881835938 869.8531494140625
233.8208770751953 754.537353515625
439.7773132324219 662.0985717773438
624.8766479492188 638.9027709960938
624.8766479492188 638.9027709960938
420.37445068359375 388.0899658203125
420.51885986328125 290.6503601074219
385.2802429199219 578.3062744140625
385.2802429199219 578.3062744140625
520.7885131835938 341.9749450683594
521.1405029296875 381.8569641113281
521.23193359375 341.75616455078125
421.3083190917969 558.186767578125
421.30841064453125 283.4356689453125
385.07867431640625 692.7753295898438
622.6072387695312 838.9151611328125
421.53143310546875 639.656494140625
421.59967041015625 571.6815185546875
621.3096923828125 675.3488159179688
384.94775390625 780.9826049804688
521.9644165039062 385.45233154296875
421.84063720703125 521.47802734375
437.3696594238281 341.976318359375
437.3696594238281 341.976318359375
436.13458251953125 665.3006591796875
422.0723571777344 365.87408447265625
376.6434020996094 788.5546264648438
555.3199462890625 567.6832275390625
435.7773132324219 485.4754943847656
615.5657958984375 853.77783203125
555.6489868164062 819.9899291992188
522.390380859375 436.5765686035156
531.1288452148438 662.1550903320312
435.2986145019531 662.4305419921875
559.314453125 826.379638671875
559.2742919921875 835.7050170898438
612.6724243164062 675.0479125976562
434.5293273925781 652.8526000976562
434.5293273925781 652.8526000976562
423.1248474121094 539.7081909179688
611.7017822265625 540.392822265625
611.7017822265625 540.392822265625
611.6735229492188 693.3599243164062
423.1854553222656 566.7268676757812
423.24334716796875 561.9982299804688
434.200439453125 751.8345947265625
423.5619812011719 638.0482177734375
423.5619812011719 638.0482177734375
378.4686584472656 681.8488159179688
379.2489318847656 677.1310424804688
525.552734375 353.3356018066406
424.1079406738281 381.5894470214844
530.7249145507812 642.8251342773438
432.5000915527344 476.6794738769531
609.0699462890625 611.3333129882812
432.0620422363281 391.635009765625
431.5567932128906 519.7996215820312
608.6483154296875 573.4049072265625
608.6141967773438 568.89599609375
557.5189819335938 566.9086303710938
381.9651184082031 628.06298828125
381.9651184082031 628.06298828125
527.2208251953125 567.0989379882812
556.3851318359375 639.7095947265625
279.91192626953125 795.7067260742188
527.2208251953125 567.0989379882812
530.7249145507812 642.8251342773438
527.3082885742188 665.2868041992188
527.3082885742188 665.2868041992188
527.8297729492188 577.03564453125
424.923828125 649.3372802734375
429.1305847167969 652.278564453125
429.1305847167969 652.278564453125
428.9534606933594 341.0255432128906
428.79327392578125 494.067626953125
382.3912353515625 585.0891723632812
528.7994384765625 869.9202880859375
529.181396484375 381.53350830078125
530.66064453125 646.4781494140625
603.3433227539062 665.4876708984375
530.66064453125 646.4781494140625
529.181396484375 381.53350830078125
287.4355773925781 785.585693359375
602.0508422851562 694.0826416015625
530.0450439453125 385.3960266113281
601.114501953125 773.9901733398438
600.91943359375 878.291015625
288.8458251953125 781.1497192382812
289.5348205566406 776.560546875
426.4288635253906 623.30810546875
426.4288635253906 623.30810546875
426.9742736816406 398.9055480957031
426.9613952636719 628.3975219726562
600.0252075195312 310.9200134277344
426.9613952636719 628.3975219726562
426.8961181640625 355.8743896484375
599.923583984375 674.6283569335938
488.994140625 665.362060546875
489.8166198730469 886.7603149414062
599.3762817382812 662.0506591796875
482.41802978515625 659.271240234375
482.3550109863281 567.0
482.3550109863281 567.0
482.11395263671875 577.0503540039062
481.5854187011719 665.5014038085938
481.51116943359375 886.9391479492188
598.3265991210938 646.5303344726562
598.3265991210938 646.5303344726562
582.5770263671875 866.6560668945312
296.5180969238281 610.1685180664062
481.16058349609375 249.7567138671875
582.4292602539062 352.551513671875
582.4292602539062 352.551513671875
298.6994934082031 644.2964477539062
480.0640563964844 216.52581787109375
480.0640563964844 216.52581787109375
479.784423828125 652.7940673828125
479.784423828125 652.7940673828125
479.56048583984375 657.1443481445312
596.108154296875 364.9468688964844
479.43035888671875 436.548828125
479.43035888671875 436.548828125
397.8627624511719 665.3507690429688
595.3960571289062 665.4791259765625
479.43035888671875 436.548828125
479.42083740234375 348.9080505371094
479.42083740234375 348.9080505371094
479.1757507324219 353.0904235839844
479.1757507324219 353.0904235839844
304.1781311035156 652.1544799804688
304.4123840332031 678.926513671875
304.4123840332031 678.926513671875
304.4727478027344 645.9326171875
304.4727478027344 645.9326171875
491.2720031738281 168.01234436035156
491.3008117675781 666.9343872070312
581.6373901367188 833.48193359375
581.5147705078125 860.7748413085938
594.6644897460938 486.1096496582031
594.1792602539062 677.0518188476562
305.4608459472656 667.4180908203125
305.4608459472656 667.4180908203125
478.6061706542969 656.1903076171875
581.5147705078125 860.7748413085938
306.9753112792969 658.4364624023438
307.19964599609375 607.5350952148438
307.4205017089844 645.04541015625
581.0089111328125 673.9273071289062
478.5019226074219 362.8482971191406
491.4022216796875 47.08787155151367
592.473876953125 687.9579467773438
592.473876953125 687.9579467773438
478.05621337890625 869.9320068359375
335.6904602050781 705.524658203125
491.87396240234375 567.0105590820312
591.7286376953125 685.7505493164062
477.6689453125 343.5221862792969
491.87396240234375 567.0105590820312
311.8276672363281 574.9096069335938
311.8276672363281 574.9096069335938
336.9582214355469 628.4288940429688
493.47979736328125 86.7184829711914
476.1622619628906 738.4273071289062
476.1622619628906 738.4273071289062
476.1622619628906 738.4273071289062
476.0602111816406 207.43177795410156
493.47979736328125 86.7184829711914
336.9582214355469 628.4288940429688
314.685546875 602.5275268554688
589.3689575195312 602.5028076171875
580.0967407226562 433.34222412109375
589.0101928710938 689.5955200195312
493.53704833984375 886.9486694335938
493.70648193359375 436.57177734375
493.70648193359375 436.57177734375
493.70648193359375 436.57177734375
493.7828369140625 623.4810180664062
493.7828369140625 623.4810180664062
493.81610107421875 883.2694702148438
587.703857421875 652.4024658203125
317.4848327636719 664.9724731445312
317.4848327636719 664.9724731445312
587.703857421875 652.4024658203125
474.999755859375 287.977294921875
579.6405029296875 639.3555908203125
474.6300048828125 590.6187133789062
474.6300048828125 590.6187133789062
474.6259765625 568.4674682617188
474.6259765625 568.4674682617188
579.6405029296875 639.3555908203125
578.5716552734375 392.4956970214844
494.3880615234375 628.5828857421875
319.5196533203125 602.4052734375
473.2999267578125 341.8024597167969
578.1770629882812 385.4460144042969
473.08905029296875 341.74322509765625
473.04241943359375 252.769775390625
577.985595703125 559.9697875976562
577.284423828125 342.0907897949219
585.7713623046875 556.8088989257812
585.7713623046875 556.8088989257812
323.71173095703125 726.0372924804688
577.284423828125 342.0907897949219
472.4822998046875 255.89939880371094
323.87213134765625 651.8543090820312
342.1363220214844 602.422119140625
324.3011779785156 681.2736206054688
472.27398681640625 436.52313232421875
472.27398681640625 436.52313232421875
584.24755859375 628.4423217773438
584.24755859375 628.4423217773438
325.7472839355469 721.9055786132812
472.27398681640625 436.52313232421875
327.573486328125 642.34130859375
327.573486328125 642.34130859375
327.6113586425781 646.8255615234375
576.6456298828125 662.0914916992188
327.93115234375 713.8325805664062
497.1866760253906 652.5571899414062
497.1866760253906 652.5571899414062
471.8721923828125 628.4964599609375
575.8778686523438 646.6526489257812
497.35577392578125 37.35649871826172
575.8703002929688 642.8014526367188
497.35577392578125 37.35649871826172
549.345458984375 433.0559997558594
549.2401733398438 145.65234375
550.010009765625 665.2619018554688
470.39013671875 576.9667358398438
497.3729248046875 72.68109893798828
497.3729248046875 72.68109893798828
497.5076904296875 80.00988006591797
395.2159423828125 817.4539794921875
395.0767822265625 863.8209228515625
469.94488525390625 710.4830322265625
497.5813903808594 152.46376037597656
497.7491455078125 74.76514434814453
547.4263305664062 860.9237060546875
394.5380859375 830.6973266601562
347.4371032714844 566.911865234375
547.4263305664062 860.9237060546875
347.4371032714844 566.911865234375
497.7491455078125 74.76514434814453
397.8627624511719 665.3507690429688
497.7523193359375 6.695135116577148
497.9093322753906 129.62611389160156
398.03485107421875 658.9965209960938
498.4574279785156 886.9307250976562
349.0157470703125 656.973876953125
468.295166015625 666.9304809570312
468.190185546875 886.7535400390625
572.6718139648438 665.5369262695312
350.240234375 642.2605590820312
398.8021545410156 639.6538696289062
350.240234375 642.2605590820312
394.02093505859375 674.5682983398438
467.28961181640625 262.9730529785156
500.6766357421875 11.323636054992676
466.9190368652344 567.0142822265625
551.8318481445312 204.7562713623047
466.9190368652344 567.0142822265625
500.90008544921875 436.5790710449219
546.3731079101562 368.6319885253906
500.90008544921875 436.5790710449219
400.4144287109375 657.0458374023438
400.41943359375 589.2494506835938
393.7724914550781 773.9594116210938
466.15679931640625 665.3845825195312
401.1617126464844 687.0420532226562
401.1617126464844 687.0420532226562
466.15679931640625 665.3845825195312
500.90008544921875 436.5790710449219
465.811279296875 358.3589782714844
500.94134521484375 191.25933837890625
465.4291076660156 668.168701171875
465.4291076660156 668.168701171875
465.407958984375 576.9854736328125
501.0785217285156 239.53997802734375
501.1435241699219 121.66230773925781
501.4613037109375 4.420816421508789
502.0085754394531 567.039794921875
402.0589904785156 685.596923828125
546.06640625 695.5704956054688
502.0085754394531 567.039794921875
553.3040161132812 646.6096801757812
464.0863952636719 392.71185302734375
553.3985595703125 382.0130920410156
502.4767761230469 652.8833618164062
655.0120849609375 641.6729736328125
427.5772705078125 498.947021484375
427.95916748046875 562.0785522460938
427.95916748046875 562.0785522460938
545.9054565429688 347.2953186035156
485.2848205566406 365.2756652832031
463.93878173828125 143.83837890625
425.88201904296875 864.5560302734375
488.8738098144531 249.24595642089844
529.0160522460938 290.923095703125
488.1177062988281 341.28814697265625
528.8790283203125 359.35589599609375
428.53106689453125 388.2222595214844
12.619163513183594 756.1477661132812
545.9054565429688 347.2953186035156
488.0806579589844 737.1253662109375
354.4698791503906 619.1640014648438
488.0074157714844 607.836669921875
354.4698791503906 619.1640014648438
462.7511901855469 345.0523376464844
428.62957763671875 548.8602905273438
486.87677001953125 163.3114471435547
486.87677001953125 163.3114471435547
462.7511901855469 345.0523376464844
425.4787292480469 507.4453125
417.2591857910156 385.2769470214844
391.9385070800781 826.5176391601562
553.4232177734375 376.6747741699219
899.8253173828125 883.5213623046875
899.8253173828125 883.5213623046875
404.0224304199219 623.121826171875
462.1884765625 253.02615356445312
504.5557861328125 72.25131225585938
568.6690063476562 285.17352294921875
370.8111877441406 682.6419067382812
370.8111877441406 682.6419067382812
789.9629516601562 786.5003051757812
554.0496215820312 862.6547241210938
416.6156921386719 845.5140380859375
359.1046142578125 623.3221435546875
390.8094482421875 511.76861572265625
567.460693359375 683.2083129882812
561.8982543945312 475.96875
507.5154113769531 202.1956024169922
544.8341064453125 101.10578155517578
458.59979248046875 190.38243103027344
370.5814514160156 683.0277709960938
507.8058166503906 163.75155639648438
370.5814514160156 683.0277709960938
389.1070251464844 777.464599609375
538.1063232421875 745.0906372070312
557.25830078125 680.8734130859375
723.5781860351562 807.2471923828125
722.5584716796875 695.6890258789062
722.5584716796875 695.6890258789062
508.91015625 202.37278747558594
409.86138916015625 564.9727172851562
526.6175537109375 742.8095092773438
557.4166259765625 372.8903503417969
557.4166259765625 372.8903503417969
381.97161865234375 602.3379516601562
456.49560546875 745.0731811523438
538.1348876953125 16.488096237182617
456.45062255859375 861.1232299804688
510.6814270019531 608.1026000976562
526.0612182617188 102.25233459472656
448.8805236816406 623.27734375
714.86279296875 794.1928100585938
448.8805236816406 623.27734375
510.6814270019531 608.1026000976562
511.5612487792969 69.90618896484375
553.9893188476562 671.5222778320312
454.9129333496094 832.2542114257812
410.84490966796875 368.5326843261719
711.6483764648438 793.1007690429688
454.14886474609375 35.79887008666992
453.89471435546875 59.224639892578125
555.7412719726562 608.1547241210938
381.2327575683594 827.7659301757812
381.2327575683594 827.7659301757812
538.7035522460938 623.5482788085938
553.9893188476562 671.5222778320312
414.4390869140625 861.0665283203125
512.1196899414062 274.2368469238281
512.1196899414062 274.2368469238281
565.2208251953125 373.0099792480469
414.4390869140625 861.0665283203125
524.6026611328125 696.1404418945312
380.511474609375 784.8318481445312
414.4390869140625 861.0665283203125
538.7035522460938 623.5482788085938
694.0379028320312 658.2175903320312
524.2164916992188 577.0380249023438
540.9766845703125 54.30885696411133
540.950439453125 36.73008346557617
563.9823608398438 470.5838623046875
563.73828125 590.5039672851562
66.07979583740234 835.7286987304688
451.6590270996094 246.80599975585938
450.7870788574219 335.4128112792969
512.5364990234375 368.6194152832031
686.2094116210938 676.6005249023438
413.06597900390625 553.8112182617188
70.96763610839844 868.0209350585938
413.0938720703125 761.6428833007812
423.3982849121094 756.44189453125
563.5988159179688 672.0838623046875
563.5988159179688 672.0838623046875
423.0460510253906 552.9935913085938
583.639404296875 623.7752685546875
489.5233154296875 213.15383911132812
483.7997741699219 857.434326171875
434.9870300292969 504.6625061035156
560.1652221679688 572.2191162109375
560.1652221679688 572.2191162109375
583.639404296875 623.7752685546875
583.5711059570312 705.5938110351562
583.078857421875 884.105224609375
673.521728515625 623.9569091796875
583.078857421875 884.105224609375
330.7176513671875 607.6438598632812
330.7176513671875 607.6438598632812
599.0308837890625 693.03857421875
668.1752319335938 608.417724609375
668.0086059570312 817.8711547851562
435.7979431152344 251.19834899902344
481.28961181640625 90.90213775634766
332.5703430175781 767.81689453125
296.631103515625 803.3700561523438
666.8573608398438 842.700439453125
666.009521484375 781.8671264648438
481.156494140625 10.441204071044922
664.9984741210938 686.6873168945312
522.2409057617188 58.43263626098633
533.2987670898438 608.1950073242188
522.2409057617188 58.43263626098633
660.126708984375 566.8373413085938
332.6379699707031 805.9677734375
296.631103515625 803.3700561523438
658.5950927734375 617.3298950195312
658.5950927734375 617.3298950195312
484.2796630859375 364.77105712890625
333.8211364746094 566.8184204101562
300.088623046875 711.2611694335938
657.8916625976562 711.939453125
657.8041381835938 750.371826171875
657.7821655273438 617.1182250976562
300.088623046875 711.2611694335938
479.64599609375 741.2691650390625
595.298095703125 395.7867431640625
479.2100524902344 368.9515075683594
521.9913940429688 365.4653625488281
130.82498168945312 885.2289428710938
581.7012939453125 761.59228515625
655.2302856445312 818.497314453125
478.91607666015625 368.6038513183594
478.8852233886719 224.4639434814453
478.8852233886719 224.4639434814453
478.82244873046875 225.81765747070312
521.6170654296875 205.44126892089844
650.5628051757812 741.2308349609375
521.5946655273438 215.7655792236328
491.3980712890625 239.70904541015625
645.9264526367188 681.0382690429688
593.9904174804688 815.1793823242188
438.1934814453125 253.60488891601562
438.224365234375 385.2646179199219
555.2430419921875 444.9533996582031
581.1117553710938 458.8591003417969
420.7109069824219 607.736328125
521.0380859375 364.985595703125
491.3980712890625 239.70904541015625
491.3998718261719 740.5435791015625
520.978271484375 143.8690643310547
639.9510498046875 522.7428588867188
413.4104919433594 866.4261474609375
639.0217895507812 837.1965942382812
639.0217895507812 837.1965942382812
491.88092041015625 229.1107940673828
439.323486328125 353.4183044433594
439.5604248046875 749.8699340820312
420.7109069824219 607.736328125
560.3816528320312 751.8634643554688
634.896728515625 616.9588623046875
420.32666015625 527.9788818359375
336.78900146484375 623.887451171875
336.78900146484375 623.887451171875
204.45703125 786.1405029296875
204.45703125 786.1405029296875
493.2765808105469 384.954833984375
476.301513671875 187.2749786376953
631.7644653320312 728.4300537109375
314.2591857910156 623.7728271484375
589.5198364257812 372.9129638671875
629.2664184570312 602.65185546875
629.1502685546875 706.657470703125
629.0615234375 801.09814453125
628.55224609375 623.7124633789062
628.55224609375 623.7124633789062
627.8265991210938 681.9595336914062
625.4159545898438 796.5604858398438
589.5198364257812 372.9129638671875
239.9841766357422 766.9600219726562
239.9841766357422 766.9600219726562
440.2350158691406 381.54791259765625
419.6370544433594 419.3503112792969
374.21630859375 701.8126220703125
475.8365783691406 436.67303466796875
623.2648315429688 608.3515014648438
623.2648315429688 608.3515014648438
475.8365783691406 436.67303466796875
316.438720703125 564.99169921875
587.3003540039062 458.3074645996094
440.5278015136719 389.2484436035156
619.8662109375 791.0761108398438
619.6643676757812 701.8944702148438
618.380615234375 720.6204223632812
587.3003540039062 458.3074645996094
587.18017578125 329.7547912597656
494.2206115722656 591.129638671875
494.34051513671875 577.0717163085938
586.996826171875 764.6177978515625
474.44622802734375 175.47584533691406
441.2633361816406 385.26605224609375
561.5150146484375 562.4202880859375
494.54595947265625 385.3799743652344
578.0476684570312 608.110107421875
614.30810546875 785.12158203125
584.2711791992188 602.5643920898438
471.42694091796875 623.415283203125
535.2530517578125 584.2850341796875
611.9390258789062 454.50054931640625
549.4680786132812 748.216796875
519.3165283203125 579.697265625
549.8390502929688 369.76812744140625
535.4083251953125 366.44427490234375
610.9765625 670.2924194335938
610.9765625 670.2924194335938
575.6082153320312 671.5744018554688
574.2863159179688 540.096923828125
574.2006225585938 407.88104248046875
498.0330810546875 385.2964782714844
468.9114990234375 696.5802612304688
372.5640869140625 792.6914672851562
608.8202514648438 577.4393920898438
608.8202514648438 577.4393920898438
276.4554138183594 815.9345092773438
314.2591857910156 623.7728271484375
398.3214416503906 770.6798095703125
442.79449462890625 214.01669311523438
468.0334167480469 742.8079833984375
606.0664672851562 623.666015625
571.3780517578125 756.4491577148438
394.00152587890625 662.0316772460938
500.3040771484375 736.7622680664062
399.3363952636719 619.2059936523438
500.7018127441406 17.469816207885742
604.8370361328125 748.8287353515625
443.37725830078125 607.8743286132812
399.3363952636719 619.2059936523438
535.9501342773438 741.05810546875
552.1557006835938 388.9035339355469
466.3662414550781 619.1837768554688
465.9056701660156 289.5417785644531
516.8434448242188 369.9124755859375
465.6708679199219 607.8357543945312
602.749267578125 511.98876953125
602.0103759765625 566.8922729492188
600.6347045898438 608.143798828125
600.6347045898438 608.143798828125
385.94305419921875 839.8472290039062
501.0176696777344 289.361083984375
292.6737976074219 789.5137939453125
292.6737976074219 789.5137939453125
385.94305419921875 839.8472290039062
426.6157531738281 502.3618469238281
501.0176696777344 289.361083984375
401.94287109375 492.035400390625
501.21051025390625 384.8204345703125
570.4984130859375 566.90185546875
516.2003784179688 623.4666748046875
445.1905212402344 748.2371215820312
516.2003784179688 623.4666748046875
401.94287109375 492.035400390625
546.2720336914062 285.00164794921875
403.19287109375 767.5073852539062
398.2478332519531 607.8453979492188
398.2478332519531 607.8453979492188
482.5782775878906 289.77874755859375
482.5782775878906 289.77874755859375
484.9562072753906 369.9408264160156
554.9276123046875 750.01904296875
589.91259765625 380.65771484375
488.6688537597656 619.2301025390625
485.6002502441406 740.8612670898438
485.8372497558594 115.35933685302734
376.9307556152344 619.0104370117188
435.6424255371094 709.8782348632812
419.5039367675781 349.4621887207031
532.2730712890625 743.9326782226562
598.9589233398438 823.5471801757812
419.5039367675781 349.4621887207031
589.35302734375 888.593994140625
493.87261962890625 151.45889282226562
332.2556457519531 619.122314453125
332.2556457519531 619.122314453125
598.9589233398438 823.5471801757812
295.0459899902344 773.1044311523438
555.3184814453125 488.88226318359375
375.7067565917969 607.7327880859375
580.0328369140625 301.3373718261719
579.7255859375 707.0934448242188
490.1679992675781 436.71539306640625
332.5760803222656 871.1084594726562
436.2066955566406 680.8101806640625
490.1679992675781 436.71539306640625
436.4038391113281 358.08734130859375
587.1456909179688 536.6232299804688
480.347412109375 864.3580322265625
587.1456909179688 536.6232299804688
375.7067565917969 607.7327880859375
375.5997314453125 827.761962890625
34.03765869140625 794.2957153320312
34.47055435180664 882.3350830078125
300.1971740722656 565.0509643554688
725.1867065429688 815.396484375
725.1867065429688 815.396484375
587.1456909179688 536.6232299804688
720.9785766601562 804.8457641601562
436.6380615234375 702.2439575195312
440.833251953125 359.1684265136719
303.536376953125 803.027099609375
718.4248046875 800.3198852539062
718.3442993164062 816.3092041015625
490.9777526855469 193.97808837890625
473.88934326171875 742.0077514648438
533.463134765625 619.2653198242188
715.010009765625 680.9765014648438
533.463134765625 619.2653198242188
478.8817443847656 186.5518798828125
437.70745849609375 862.058837890625
713.5103149414062 802.06298828125
438.1361389160156 746.473388671875
712.6854858398438 819.0514526367188
711.655517578125 798.9554443359375
709.7865600585938 795.9912109375
438.1361389160156 746.473388671875
438.3269348144531 493.4610290527344
478.41998291015625 198.4254150390625
438.9399719238281 680.1953735351562
439.0225830078125 568.06884765625
478.0741271972656 616.9603271484375
417.7005920410156 671.7719116210938
702.34375 789.3185424804688
491.8287353515625 27.19961166381836
698.7604370117188 778.059814453125
320.3103332519531 564.9741821289062
591.9086303710938 617.494873046875
694.8250122070312 771.7161865234375
694.4262084960938 664.6419677734375
694.4262084960938 664.6419677734375
693.046875 769.0452880859375
520.976318359375 376.8308410644531
578.281494140625 619.0635986328125
578.281494140625 619.0635986328125
691.8043823242188 776.2654418945312
67.98169708251953 828.0888671875
67.98169708251953 828.0888671875
492.013427734375 79.81135559082031
420.1379089355469 684.7814331054688
322.04180908203125 729.2200317382812
336.8944396972656 602.5029907226562
590.3524169921875 616.974853515625
678.46240234375 616.3973999023438
678.46240234375 616.3973999023438
577.5541381835938 728.3621215820312
677.9317016601562 744.3985595703125
675.9058227539062 741.15478515625
675.63720703125 762.728271484375
386.4840087890625 616.361328125
674.50048828125 654.8617553710938
386.4840087890625 616.361328125
673.9371948242188 602.4786376953125
460.19964599609375 883.0994873046875
673.3746948242188 565.0067138671875
577.3817138671875 853.84912109375
359.5788269042969 709.2994995117188
461.3728332519531 740.189453125
545.19140625 395.7320861816406
372.9151611328125 642.3130493164062
497.18560791015625 303.3653259277344
583.8802490234375 841.8536376953125
459.7601318359375 365.5799255371094
459.7601318359375 365.5799255371094
545.0541381835938 144.01583862304688
497.18560791015625 303.3653259277344
659.9791259765625 752.635009765625
659.7940673828125 715.0263061523438
472.0735168457031 182.16127014160156
472.0735168457031 182.16127014160156
504.81719970703125 376.9398193359375
361.1073913574219 565.0287475585938
656.4132080078125 745.725341796875
404.0762023925781 557.2050170898438
568.8173828125 386.4424743652344
567.1426391601562 616.7972412109375
504.4742126464844 436.63812255859375
543.849609375 746.6900024414062
504.4742126464844 436.63812255859375
568.8173828125 386.4424743652344
554.6517944335938 170.50875854492188
649.6159057617188 571.894775390625
417.0693664550781 728.3555908203125
645.5640258789062 608.3189697265625
645.5640258789062 608.3189697265625
581.9539794921875 840.0439453125
567.1426391601562 616.7972412109375
576.6216430664062 758.9602661132812
389.7983093261719 678.3316040039062
458.1626281738281 617.9374389648438
641.135986328125 708.788330078125
535.3475952148438 692.6312255859375
549.3505249023438 372.89215087890625
549.3505249023438 372.89215087890625
638.4779663085938 848.1902465820312
535.7235717773438 194.0965118408203
407.9378356933594 764.5264282226562
569.5228881835938 617.6546630859375
545.4981079101562 376.6302185058594
503.62353515625 869.996337890625
634.055908203125 612.3917846679688
634.055908203125 612.3917846679688
509.02337646484375 740.898681640625
216.28660583496094 777.2157592773438
409.0388488769531 366.1325988769531
509.05194091796875 370.08428955078125
519.0211181640625 886.2579345703125
503.4372863769531 740.5127563476562
624.1959838867188 503.2693176269531
410.33245849609375 536.0284423828125
551.2543334960938 223.46728515625
622.9608154296875 761.1176147460938
445.6848449707031 123.95458984375
353.3886413574219 607.797607421875
547.371826171875 843.2280883789062
347.5445861816406 773.326171875
258.3806457519531 707.1990966796875
547.3690185546875 285.46356201171875
547.3167724609375 617.6846923828125
566.4866943359375 616.6524658203125
616.0708618164062 695.1654663085938
616.0708618164062 695.1654663085938
448.83221435546875 155.0452423095703
410.33245849609375 536.0284423828125
410.33245849609375 536.0284423828125
614.06689453125 617.4522094726562
612.7399291992188 617.1026611328125
410.33245849609375 536.0284423828125
448.83221435546875 155.0452423095703
269.0303649902344 691.5679931640625
565.8213500976562 754.10986328125
611.3453369140625 479.6966552734375
498.73345947265625 177.975341796875
610.6549072265625 857.251953125
610.6549072265625 857.251953125
271.7478332519531 697.0870971679688
442.4251403808594 588.9639282226562
445.6848449707031 123.95458984375
607.6217651367188 549.3413696289062
417.7005920410156 671.7719116210938
498.73345947265625 177.975341796875
468.68414306640625 436.8312683105469
468.68414306640625 436.8312683105469
605.58837890625 777.4791870117188
468.68414306640625 436.8312683105469
283.1388854980469 842.014892578125
283.8169860839844 702.1371459960938
511.07672119140625 619.1942138671875
546.055908203125 396.8796691894531
353.3886413574219 607.797607421875
603.8367309570312 637.1422729492188
603.8367309570312 637.1422729492188
573.1636962890625 558.1679077148438
414.9296569824219 840.2830810546875
511.5906982421875 290.22735595703125
600.556640625 619.0542602539062
600.556640625 619.0542602539062
347.87371826171875 772.6701049804688
347.87371826171875 772.6701049804688
530.3900146484375 739.8379516601562
511.5906982421875 290.22735595703125
414.9296569824219 840.2830810546875
511.5906982421875 290.22735595703125
454.4892578125 616.6630859375
454.4892578125 616.6630859375
573.0253295898438 505.32342529296875
364.0673522949219 706.6339721679688
511.6182556152344 436.6570739746094
501.4927978515625 165.74676513671875
445.59674072265625 205.61563110351562
425.85955810546875 338.1356506347656
453.9970397949219 348.1892395019531
428.6238098144531 372.651123046875
428.6238098144531 372.651123046875
428.774169921875 754.09765625
565.3837890625 832.040283203125
414.4892883300781 706.8051147460938
530.696044921875 147.76771545410156
501.0262756347656 20.29840660095215
398.3230285644531 394.9696350097656
429.32342529296875 389.1297912597656
429.3342590332031 233.6414031982422
418.16522216796875 758.9902954101562
452.5685729980469 742.3382568359375
452.5685729980469 742.3382568359375
527.4713745117188 575.7705078125
527.4713745117188 575.7705078125
452.5685729980469 742.3382568359375
382.9189147949219 670.4449462890625
365.10260009765625 565.0551147460938
499.4734191894531 43.772159576416016
424.7528381347656 386.4092102050781
444.0307312011719 619.0291137695312
563.9130249023438 811.7689208984375
540.7470703125 59.39581298828125
382.9189147949219 670.4449462890625
540.5081176757812 832.031005859375
430.02978515625 671.9938354492188
450.8221435546875 746.6214599609375
517.0531616210938 201.4141082763672
424.3304443359375 751.7472534179688
518.4823608398438 287.1300048828125
381.9056396484375 548.0353393554688
512.8613891601562 376.87652587890625
383.0693054199219 783.3929443359375
517.97607421875 287.31170654296875
563.3685302734375 678.1282958984375
558.8717651367188 879.0494995117188
558.8717651367188 879.0494995117188
424.1025390625 830.5167236328125
558.7313842773438 359.7022399902344
555.9801025390625 619.3225708007812
525.1088256835938 617.9458618164062
380.9013366699219 649.085693359375
424.1025390625 830.5167236328125
482.9651184082031 436.6783142089844
482.9651184082031 436.6783142089844
483.05889892578125 137.7642364501953
376.9307556152344 619.0104370117188
543.5744018554688 698.48583984375
450.1321105957031 101.06452941894531
637.0728149414062 697.0463256835938
558.1588745117188 390.5892333984375
585.8670043945312 376.868408203125
663.4169921875 676.653076171875
383.762939453125 511.20025634765625
661.7266235351562 718.2286376953125
656.0877075195312 709.128662109375
415.6755065917969 376.64520263671875
536.8220825195312 85.03004455566406
497.23846435546875 740.535400390625
434.3221130371094 216.0252685546875
653.98974609375 705.8714599609375
515.3843994140625 121.17659759521484
500.93731689453125 372.8437194824219
500.93731689453125 372.8437194824219
413.145751953125 617.80517578125
423.00384521484375 588.8828125
571.9461059570312 553.6650390625
465.88726806640625 251.24575805664062
645.4913330078125 715.9832763671875
513.3828125 15.915324211120605
645.9638671875 820.0613403320312
392.9509582519531 686.017578125
423.00384521484375 588.8828125
558.5429077148438 701.7547607421875
513.3828125 15.915324211120605
372.059326171875 506.261962890625
423.00384521484375 588.8828125
450.31170654296875 565.1453247070312
450.1634826660156 78.19159698486328
576.6276245117188 436.665771484375
411.53155517578125 407.8233337402344
435.32916259765625 336.6019287109375
427.7452697753906 360.51812744140625
541.7945556640625 241.30027770996094
429.8116149902344 590.3823852539062
449.7174987792969 742.9442138671875
547.1760864257812 450.5657958984375
527.40185546875 845.8416748046875
440.14532470703125 708.7080688476562
555.6611328125 292.0873718261719
488.0777282714844 376.945068359375
582.6653442382812 335.65167236328125
401.3362121582031 853.2042236328125
401.3362121582031 853.2042236328125
528.008056640625 656.5044555664062
364.8663635253906 734.5489501953125
582.6653442382812 335.65167236328125
516.72119140625 269.0710144042969
505.1314697265625 362.1932678222656
400.12188720703125 321.94818115234375
424.9909362792969 700.8090209960938
929.9867553710938 756.7714233398438
444.6304931640625 369.35260009765625
435.850341796875 617.974609375
522.128662109375 346.8238220214844
425.09722900390625 816.8872680664062
480.5496520996094 174.07662963867188
474.8472900390625 62.3885612487793
480.42315673828125 617.9304809570312
734.3107299804688 795.193359375
596.8069458007812 527.4801025390625
427.9815673828125 346.3133239746094
534.9569702148438 452.29522705078125
427.7452697753906 360.51812744140625
364.21881103515625 616.4072265625
372.059326171875 506.261962890625
561.4268798828125 376.696533203125
372.059326171875 506.261962890625
319.35308837890625 686.8264770507812
348.5674133300781 661.390869140625
565.66845703125 702.9443359375
596.3707885742188 770.4904174804688
595.6487426757812 765.7329711914062
302.9161376953125 661.6104125976562
522.128662109375 346.8238220214844
285.9261474609375 736.7285766601562
441.08172607421875 364.8291015625
285.36956787109375 666.3468017578125
479.39849853515625 579.412353515625
490.90179443359375 207.43820190429688
703.2051391601562 681.1192626953125
609.0987548828125 644.6484985351562
611.4091186523438 866.1113891601562
304.7078857421875 642.4735107421875
421.96075439453125 333.71337890625
373.0313415527344 675.297119140625
615.1849975585938 588.5313110351562
442.2292175292969 558.32568359375
304.7078857421875 642.4735107421875
581.64208984375 373.00970458984375
581.64208984375 373.00970458984375
622.8748168945312 619.1275634765625
304.7078857421875 642.4735107421875
373.0313415527344 675.297119140625
578.372314453125 523.449462890625
592.5729370117188 816.8195190429688
496.9711608886719 351.9746398925781
55.915367126464844 825.7779541015625
457.0784912109375 400.4168701171875
592.5729370117188 816.8195190429688
703.2051391601562 681.1192626953125
696.9449462890625 775.2182006835938
496.9711608886719 351.9746398925781
320.9199523925781 656.6868286132812
631.6717529296875 597.060791015625
560.6376342773438 217.34402465820312
585.8670043945312 376.868408203125
503.6360778808594 181.1018524169922
674.21142578125 686.7108764648438
673.9287109375 737.9120483398438
395.2469177246094 867.4660034179688
503.90283203125 693.76953125
426.32525634765625 262.66900634765625
458.7691345214844 4.688445568084717
418.34002685546875 379.6632995605469
525.8441772460938 436.52978515625
546.7867431640625 157.16494750976562
433.71966552734375 352.7405700683594
433.71966552734375 352.7405700683594
502.572265625 145.13409423828125
621.9119873046875 597.3984375
573.6187744140625 373.0050048828125
489.2637634277344 689.8028564453125
303.742431640625 671.083740234375
717.977294921875 809.1867065429688
259.3957214355469 798.0654907226562
390.81414794921875 617.9686889648438
471.9430236816406 376.7804260253906
471.9430236816406 376.7804260253906
599.1741333007812 873.4923706054688
363.2384948730469 522.68017578125
42.787025451660156 803.4140625
655.6845703125 813.2697143554688
454.6497497558594 565.18310546875
479.695556640625 306.9198913574219
493.0499572753906 372.8182678222656
504.0217590332031 862.071533203125
525.8441772460938 436.52978515625
583.8377685546875 851.3590087890625
929.6481323242188 756.1284790039062
580.0538330078125 549.8765258789062
416.31536865234375 861.44775390625
426.4098815917969 683.0814819335938
502.572265625 145.13409423828125
493.0499572753906 372.8182678222656
634.57666015625 729.3092041015625
341.7353210449219 616.3496704101562
768.9130249023438 873.7523803710938
768.9130249023438 873.7523803710938
494.66448974609375 248.15325927734375
612.0930786132812 783.826904296875
499.47430419921875 612.478759765625
418.34002685546875 379.6632995605469
499.47430419921875 612.478759765625
545.4473266601562 153.3525390625
545.4473266601562 153.3525390625
545.4473266601562 153.3525390625
411.4812316894531 342.2283020019531
411.4812316894531 342.2283020019531
700.6351928710938 781.1467895507812
552.5707397460938 556.868408203125
552.5707397460938 556.868408203125
343.3231201171875 782.624267578125
561.2545776367188 452.6819152832031
675.1154174804688 730.5758666992188
489.8778991699219 354.5424499511719
489.8778991699219 354.5424499511719
480.0749206542969 376.85455322265625
480.0749206542969 376.85455322265625
407.6268615722656 376.5773620605469
446.697998046875 365.6036071777344
286.0983581542969 661.6552734375
377.8854064941406 781.8856201171875
377.8854064941406 781.8856201171875
599.432861328125 829.6277465820312
599.432861328125 829.6277465820312
644.00439453125 707.4722900390625
553.9541625976562 830.111328125
399.0390930175781 494.099365234375
335.7722473144531 753.5288696289062
545.53369140625 517.3740844726562
545.53369140625 517.3740844726562
606.6891479492188 456.3335876464844
503.01385498046875 25.119905471801758
604.6371459960938 705.2132568359375
604.6371459960938 705.2132568359375
452.616455078125 372.9486389160156
452.616455078125 372.9486389160156
