807.1847534179688 336.9726257324219
807.1847534179688 336.9726257324219
807.1847534179688 336.9726257324219
905.67626953125 1760.7734375
905.67626953125 1760.7734375
1145.69482421875 2296.2080078125
1145.69482421875 2296.2080078125
1145.69482421875 2296.2080078125
1145.69482421875 2296.2080078125
1145.69482421875 2296.2080078125
31.68787956237793 2866.4931640625
31.68787956237793 2866.4931640625
31.68787956237793 2866.4931640625
785.0707397460938 1733.204345703125
785.0707397460938 1733.204345703125
785.0707397460938 1733.204345703125
811.94873046875 2758.669189453125
811.94873046875 2758.669189453125
811.94873046875 2758.669189453125
811.94873046875 2758.669189453125
811.94873046875 2758.669189453125
984.649169921875 1742.825439453125
984.649169921875 1742.825439453125
984.649169921875 1742.825439453125
984.649169921875 1742.825439453125
862.6008911132812 328.5616760253906
862.6008911132812 328.5616760253906
862.6008911132812 328.5616760253906
862.6008911132812 328.5616760253906
864.69677734375 298.16314697265625
864.69677734375 298.16314697265625
858.3174438476562 320.5094909667969
858.3174438476562 320.5094909667969
858.3174438476562 320.5094909667969
858.3174438476562 320.5094909667969
1294.0633544921875 2763.941162109375
887.0263061523438 354.442626953125
743.331298828125 2760.869140625
1470.5428466796875 2696.4248046875
1470.5428466796875 2696.4248046875
1470.5428466796875 2696.4248046875
1470.5428466796875 2696.4248046875
1470.5428466796875 2696.4248046875
823.896484375 337.6421813964844
823.896484375 337.6421813964844
823.896484375 337.6421813964844
710.9268188476562 2766.260986328125
710.9268188476562 2766.260986328125
710.9268188476562 2766.260986328125
827.6564331054688 354.78265380859375
827.6564331054688 354.78265380859375
827.6564331054688 354.78265380859375
827.6564331054688 354.78265380859375
894.582275390625 1763.6021728515625
894.582275390625 1763.6021728515625
1177.005126953125 2313.671142578125
1177.005126953125 2313.671142578125
775.0186157226562 2748.901123046875
775.0186157226562 2748.901123046875
775.0186157226562 2748.901123046875
775.0186157226562 2748.901123046875
775.0186157226562 2748.901123046875
775.0186157226562 2748.901123046875
775.0186157226562 2748.901123046875
562.4392700195312 2784.171142578125
562.4392700195312 2784.171142578125
830.9147338867188 319.60888671875
830.9147338867188 319.60888671875
792.5053100585938 2761.67626953125
792.5053100585938 2761.67626953125
842.0166625976562 2872.90234375
842.0166625976562 2872.90234375
780.8721313476562 2880.979736328125
780.8721313476562 2880.979736328125
903.2294311523438 2873.427490234375
884.19677734375 1760.7735595703125
884.19677734375 1760.7735595703125
884.19677734375 1760.7735595703125
734.407958984375 2308.47705078125
862.5304565429688 1756.4840087890625
959.7026977539062 2863.41357421875
749.0946044921875 2765.923583984375
749.0946044921875 2765.923583984375
702.3158569335938 2845.1962890625
702.3158569335938 2845.1962890625
702.3158569335938 2845.1962890625
702.3158569335938 2845.1962890625
961.462158203125 1741.9356689453125
961.462158203125 1741.9356689453125
961.462158203125 1741.9356689453125
961.462158203125 1741.9356689453125
1623.925537109375 2852.75146484375
1263.6536865234375 2743.897705078125
1263.6536865234375 2743.897705078125
1263.6536865234375 2743.897705078125
876.5910034179688 2875.37548828125
876.5910034179688 2875.37548828125
776.9342651367188 2701.96044921875
776.9342651367188 2701.96044921875
776.9342651367188 2701.96044921875
776.9342651367188 2701.96044921875
776.9342651367188 2701.96044921875
589.1234130859375 2797.8349609375
589.1234130859375 2797.8349609375
589.1234130859375 2797.8349609375
923.5231323242188 323.7300109863281
1207.0670166015625 2760.97412109375
1207.0670166015625 2760.97412109375
1207.0670166015625 2760.97412109375
825.8065795898438 2879.912353515625
825.8065795898438 2879.912353515625
825.8065795898438 2879.912353515625
1060.2491455078125 2870.40576171875
1060.2491455078125 2870.40576171875
976.850341796875 2700.9736328125
1132.0062255859375 2182.87646484375
1132.0062255859375 2182.87646484375
1132.0062255859375 2182.87646484375
381.32586669921875 2703.636962890625
745.9009399414062 2272.583251953125
745.9009399414062 2272.583251953125
745.9009399414062 2272.583251953125
1090.127197265625 2859.706298828125
1090.127197265625 2859.706298828125
1090.127197265625 2859.706298828125
264.2898864746094 2671.197021484375
264.2898864746094 2671.197021484375
264.2898864746094 2671.197021484375
803.7443237304688 2880.029541015625
47.410919189453125 2872.637451171875
47.410919189453125 2872.637451171875
1121.5460205078125 2178.49658203125
1121.5460205078125 2178.49658203125
1121.5460205078125 2178.49658203125
809.367919921875 347.3127136230469
809.367919921875 347.3127136230469
809.367919921875 347.3127136230469
848.0922241210938 2879.21484375
848.0922241210938 2879.21484375
971.2902221679688 1728.16552734375
971.2902221679688 1728.16552734375
971.2902221679688 1728.16552734375
1346.5120849609375 2734.251708984375
47.4193229675293 2824.538330078125
47.4193229675293 2824.538330078125
885.0491333007812 2875.537841796875
885.0491333007812 2875.537841796875
47.367347717285156 2866.5556640625
47.367347717285156 2866.5556640625
584.07568359375 2843.2705078125
584.07568359375 2843.2705078125
47.3688850402832 2817.525390625
47.3688850402832 2817.525390625
580.2532348632812 2832.560546875
1618.2242431640625 2662.849365234375
324.48699951171875 2683.479736328125
324.48699951171875 2683.479736328125
324.48699951171875 2683.479736328125
522.7984619140625 2760.699462890625
522.7984619140625 2760.699462890625
47.39482498168945 2880.934814453125
47.39482498168945 2880.934814453125
1073.1527099609375 2274.463623046875
1073.1527099609375 2274.463623046875
1073.1527099609375 2274.463623046875
1615.0982666015625 2870.04052734375
1615.0982666015625 2870.04052734375
47.40696716308594 2889.555419921875
47.40696716308594 2889.555419921875
949.8425903320312 2847.406982421875
949.8425903320312 2847.406982421875
949.8425903320312 2847.406982421875
949.8425903320312 2847.406982421875
37.09416580200195 2905.599853515625
37.09416580200195 2905.599853515625
37.08409118652344 2866.5830078125
644.216064453125 2866.839599609375
839.4564819335938 2697.591552734375
839.4564819335938 2697.591552734375
839.4564819335938 2697.591552734375
1059.855712890625 2843.54150390625
1059.855712890625 2843.54150390625
1059.855712890625 2843.54150390625
1184.051513671875 2868.05419921875
1166.459716796875 2815.707763671875
1166.459716796875 2815.707763671875
1166.459716796875 2815.707763671875
899.6466064453125 335.9659729003906
899.6466064453125 335.9659729003906
606.1724243164062 2873.869140625
606.1724243164062 2873.869140625
611.2042236328125 2330.20166015625
611.2042236328125 2330.20166015625
97.22097778320312 2600.832763671875
97.22097778320312 2600.832763671875
720.0779418945312 1752.306640625
1174.6519775390625 2862.390869140625
1209.63916015625 2879.164794921875
1209.63916015625 2879.164794921875
1086.6519775390625 2325.609130859375
1086.6519775390625 2325.609130859375
812.9229125976562 2848.154541015625
812.9229125976562 2848.154541015625
812.9229125976562 2848.154541015625
812.9229125976562 2848.154541015625
812.9229125976562 2848.154541015625
37.07361602783203 2896.62451171875
37.07361602783203 2896.62451171875
1068.6243896484375 2301.468505859375
1068.6243896484375 2301.468505859375
703.4005737304688 1908.687744140625
703.4005737304688 1908.687744140625
1166.069580078125 2324.978759765625
1166.069580078125 2324.978759765625
1216.5595703125 2789.087158203125
31.156665802001953 2817.52001953125
31.156665802001953 2817.52001953125
914.7791137695312 1735.299072265625
853.46240234375 2746.444091796875
913.7969970703125 341.62017822265625
31.078927993774414 2824.523193359375
31.078927993774414 2824.523193359375
970.7283935546875 2710.634521484375
970.7283935546875 2710.634521484375
970.7283935546875 2710.634521484375
970.7283935546875 2710.634521484375
572.0613403320312 2867.389404296875
572.0613403320312 2867.389404296875
1166.885498046875 2722.41748046875
1646.6995849609375 2851.351318359375
1646.6995849609375 2851.351318359375
694.4187622070312 2140.209228515625
1026.6767578125 1920.7581787109375
1026.6767578125 1920.7581787109375
1026.6767578125 1920.7581787109375
1651.665771484375 2851.0224609375
1651.665771484375 2851.0224609375
943.563720703125 1749.431884765625
1008.8309936523438 1748.3516845703125
749.7874755859375 1750.9832763671875
749.7874755859375 1750.9832763671875
749.7874755859375 1750.9832763671875
591.7982177734375 2832.72412109375
47.3759651184082 2787.516357421875
47.3759651184082 2787.516357421875
1159.47998046875 2281.380615234375
1159.47998046875 2281.380615234375
1159.47998046875 2281.380615234375
855.2786865234375 1831.3251953125
855.2786865234375 1831.3251953125
1657.179443359375 2820.76416015625
1657.179443359375 2820.76416015625
1657.179443359375 2820.76416015625
848.8097534179688 2328.126953125
848.8097534179688 2328.126953125
986.6901245117188 2710.327392578125
986.6901245117188 2710.327392578125
1037.662841796875 1748.30810546875
1037.662841796875 1748.30810546875
1037.662841796875 1748.30810546875
1058.734130859375 2300.57861328125
1058.734130859375 2300.57861328125
690.4874877929688 2329.22802734375
690.4874877929688 2329.22802734375
1063.7413330078125 2303.074951171875
1063.7413330078125 2303.074951171875
1063.7413330078125 2303.074951171875
928.08447265625 2327.43017578125
928.08447265625 2327.43017578125
928.08447265625 2327.43017578125
928.08447265625 2327.43017578125
1536.91552734375 2676.141845703125
31.152008056640625 2787.520751953125
814.6502075195312 1750.93994140625
781.8295288085938 1750.919189453125
357.72576904296875 2833.039306640625
357.72576904296875 2833.039306640625
1007.4691162109375 2326.413818359375
1007.4691162109375 2326.413818359375
592.2462158203125 2843.47802734375
592.2462158203125 2843.47802734375
1050.9951171875 2020.5311279296875
1050.9951171875 2020.5311279296875
1050.9951171875 2020.5311279296875
1050.9951171875 2020.5311279296875
856.3648681640625 2878.877685546875
567.6976318359375 2722.62744140625
567.6976318359375 2722.62744140625
1208.8565673828125 2893.47705078125
1214.7618408203125 2804.037353515625
1214.7618408203125 2804.037353515625
909.25146484375 1727.18994140625
909.25146484375 1727.18994140625
909.25146484375 1727.18994140625
42.4329833984375 2852.5419921875
42.4329833984375 2852.5419921875
1546.462890625 2832.40185546875
1546.462890625 2832.40185546875
1546.462890625 2832.40185546875
1546.462890625 2832.40185546875
47.3799934387207 2778.440673828125
33.014930725097656 2845.27490234375
33.014930725097656 2845.27490234375
390.25701904296875 2790.859619140625
628.4879150390625 2820.2939453125
628.4879150390625 2820.2939453125
628.4879150390625 2820.2939453125
484.8901672363281 2735.347412109375
52.461814880371094 2803.52880859375
52.461814880371094 2803.52880859375
1145.917724609375 2862.22216796875
720.1595458984375 1757.3477783203125
1146.190185546875 2873.268310546875
39.91263961791992 2847.772216796875
1150.4522705078125 2283.4638671875
1150.4522705078125 2283.4638671875
1088.4661865234375 2077.390869140625
1088.4661865234375 2077.390869140625
1088.4661865234375 2077.390869140625
38.51382064819336 2803.2021484375
1061.5880126953125 2785.8779296875
1061.5880126953125 2785.8779296875
1061.5880126953125 2785.8779296875
1289.2294921875 2610.8349609375
919.064453125 2733.0888671875
47.52570343017578 2677.5615234375
47.52570343017578 2677.5615234375
769.6065673828125 2328.78125
630.8226928710938 2832.24072265625
846.153564453125 1751.1527099609375
544.7529296875 2750.148193359375
544.7529296875 2750.148193359375
544.7529296875 2750.148193359375
36.33617401123047 2859.837158203125
36.33617401123047 2859.837158203125
1225.886962890625 2704.276123046875
1225.886962890625 2704.276123046875
1037.80419921875 1753.2310791015625
915.294677734375 318.83013916015625
915.294677734375 318.83013916015625
743.4972534179688 1950.5198974609375
743.4972534179688 1950.5198974609375
848.0108642578125 1728.2890625
916.4446411132812 1727.12060546875
916.4446411132812 1727.12060546875
1221.3607177734375 2465.916748046875
46.61589813232422 2830.561279296875
717.3192138671875 2787.673583984375
717.3192138671875 2787.673583984375
717.3192138671875 2787.673583984375
878.2893676757812 1749.7772216796875
1037.7972412109375 2826.648681640625
1037.7972412109375 2826.648681640625
1245.6329345703125 2324.078857421875
1245.6329345703125 2324.078857421875
1037.519287109375 1954.16064453125
1037.519287109375 1954.16064453125
630.7889404296875 2864.414794921875
630.7889404296875 2864.414794921875
802.9777221679688 316.2275085449219
1254.9119873046875 2727.2236328125
1254.9119873046875 2727.2236328125
532.867431640625 2328.72509765625
705.6405029296875 1892.996337890625
1097.40478515625 2286.431884765625
1097.40478515625 2286.431884765625
1097.40478515625 2286.431884765625
1300.1875 2724.025146484375
47.27946853637695 2715.54541015625
47.27946853637695 2715.54541015625
85.31414794921875 2827.151611328125
85.31414794921875 2827.151611328125
85.31414794921875 2827.151611328125
85.31414794921875 2827.151611328125
85.31414794921875 2827.151611328125
85.31414794921875 2827.151611328125
1315.6290283203125 2889.210205078125
1315.6290283203125 2889.210205078125
663.2171630859375 2168.53125
517.8722534179688 2857.397216796875
1238.7161865234375 2686.584716796875
955.0540771484375 2878.623046875
955.0540771484375 2878.623046875
955.0540771484375 2878.623046875
429.4195251464844 2630.41064453125
41.09120178222656 2619.430419921875
678.468994140625 2301.58203125
678.468994140625 2301.58203125
1243.934814453125 2746.33203125
812.2820434570312 497.7475891113281
1163.7965087890625 2866.615478515625
1232.4073486328125 2882.18896484375
1232.4073486328125 2882.18896484375
535.847900390625 2421.225341796875
535.847900390625 2421.225341796875
39.05638122558594 2913.987060546875
596.0073852539062 2875.394287109375
969.9790649414062 2830.4365234375
593.771484375 2732.36669921875
657.6641235351562 2113.537841796875
657.6641235351562 2113.537841796875
976.9293823242188 1749.4158935546875
976.9293823242188 1749.4158935546875
754.859130859375 2813.22998046875
36.32833480834961 2755.9501953125
36.32833480834961 2755.9501953125
36.32833480834961 2755.9501953125
45.9515495300293 2838.316162109375
47.29167556762695 2668.40869140625
47.29167556762695 2668.40869140625
793.6061401367188 351.6363830566406
793.6061401367188 351.6363830566406
1244.418212890625 2414.414306640625
1244.418212890625 2414.414306640625
1089.146240234375 2868.028564453125
1089.146240234375 2868.028564453125
1089.146240234375 2868.028564453125
1089.146240234375 2868.028564453125
1089.146240234375 2868.028564453125
790.22900390625 2825.69580078125
820.0382690429688 459.3388366699219
45.228694915771484 2914.09326171875
491.6668395996094 2613.9853515625
39.083797454833984 2833.598876953125
39.083797454833984 2833.598876953125
692.6573486328125 2287.138916015625
115.65279388427734 2608.3203125
115.65279388427734 2608.3203125
897.0707397460938 1496.013427734375
972.3731689453125 1689.9940185546875
972.3731689453125 1689.9940185546875
39.30460739135742 2881.083251953125
39.30460739135742 2881.083251953125
876.4111328125 2851.804931640625
694.9827880859375 2199.482666015625
694.9827880859375 2199.482666015625
852.7883911132812 1734.3878173828125
696.6517333984375 2875.1591796875
1120.4305419921875 2815.69140625
1100.2469482421875 2274.061767578125
1100.2469482421875 2274.061767578125
1131.8402099609375 2280.88525390625
707.781005859375 1900.9849853515625
1296.0933837890625 2607.096923828125
1008.8472900390625 2811.68994140625
1631.5205078125 2867.1298828125
1631.5205078125 2867.1298828125
39.0606803894043 2702.64111328125
39.0606803894043 2702.64111328125
37.0788459777832 2653.40869140625
42.323848724365234 2798.458251953125
741.8444213867188 2309.3505859375
490.1112365722656 2717.03125
490.1112365722656 2717.03125
1167.3687744140625 2864.423583984375
1167.3687744140625 2864.423583984375
841.6798706054688 1727.6663818359375
841.6798706054688 1727.6663818359375
38.658302307128906 2715.23388671875
38.658302307128906 2715.23388671875
45.88782501220703 2803.159912109375
46.5015869140625 2699.56982421875
1563.922607421875 2833.27294921875
1563.922607421875 2833.27294921875
1101.3629150390625 2869.57958984375
672.01171875 2798.08203125
38.1663818359375 2722.626220703125
1001.0878295898438 1684.056640625
1001.0878295898438 1684.056640625
43.027156829833984 2844.623779296875
43.027156829833984 2844.623779296875
43.027156829833984 2844.623779296875
898.2904663085938 2878.15771484375
898.2904663085938 2878.15771484375
1234.656005859375 2722.390625
560.674072265625 2471.82275390625
1626.8092041015625 2716.973388671875
1626.8092041015625 2716.973388671875
842.6896362304688 444.43798828125
39.667449951171875 2863.179443359375
39.667449951171875 2863.179443359375
467.1170959472656 2674.836181640625
467.1170959472656 2674.836181640625
960.2835693359375 1674.2376708984375
960.2835693359375 1674.2376708984375
1123.75390625 2560.1376953125
1156.3935546875 2866.025146484375
659.2904663085938 2864.5966796875
999.5916748046875 1658.6812744140625
999.5916748046875 1658.6812744140625
38.58088684082031 2692.180908203125
52.400611877441406 2692.60400390625
52.400611877441406 2692.60400390625
534.8033447265625 2761.326904296875
1144.0196533203125 2866.104736328125
1157.823486328125 2560.841796875
1157.823486328125 2560.841796875
683.5136108398438 2243.863525390625
683.5136108398438 2243.863525390625
846.73388671875 325.32366943359375
976.2318115234375 1694.2047119140625
976.2318115234375 1694.2047119140625
1226.9747314453125 2690.901123046875
1226.9747314453125 2690.901123046875
1298.671142578125 2720.918212890625
1298.671142578125 2720.918212890625
1245.4605712890625 2319.17822265625
823.8038330078125 416.85382080078125
823.8038330078125 416.85382080078125
625.443359375 2218.787841796875
1096.5257568359375 2640.61376953125
1215.626708984375 2470.739990234375
944.9129028320312 1791.80078125
944.9129028320312 1791.80078125
677.0928955078125 2236.412353515625
657.7447509765625 2801.664794921875
657.7447509765625 2801.664794921875
153.1559600830078 2833.818359375
260.897705078125 2727.32373046875
260.897705078125 2727.32373046875
1237.988037109375 2728.328369140625
1064.979736328125 2242.952392578125
509.87786865234375 2503.922607421875
953.095947265625 1680.2777099609375
953.095947265625 1680.2777099609375
1196.5277099609375 2470.65087890625
1134.5318603515625 2545.5498046875
1134.5318603515625 2545.5498046875
38.720157623291016 2787.24169921875
803.887939453125 872.1627807617188
803.887939453125 872.1627807617188
988.887939453125 1679.6229248046875
40.587764739990234 2885.194580078125
40.587764739990234 2885.194580078125
1110.5228271484375 2531.190673828125
1007.3291015625 1659.72900390625
1066.232421875 2247.60302734375
707.04931640625 2874.29296875
707.04931640625 2874.29296875
1179.7818603515625 2577.642822265625
1179.7818603515625 2577.642822265625
1179.7818603515625 2577.642822265625
1364.0980224609375 2719.737548828125
1364.0980224609375 2719.737548828125
1364.0980224609375 2719.737548828125
1364.0980224609375 2719.737548828125
526.9705810546875 2442.356201171875
860.14404296875 279.7743835449219
1025.0955810546875 2005.3184814453125
1007.4829711914062 2320.509033203125
45.57001495361328 2707.3896484375
1186.9600830078125 2470.7841796875
977.3601684570312 1784.86962890625
977.3601684570312 1784.86962890625
1478.697265625 2749.30078125
1478.697265625 2749.30078125
319.8987121582031 2835.906494140625
810.8886108398438 1434.9002685546875
810.8886108398438 1434.9002685546875
1272.393310546875 2476.29052734375
565.5490112304688 2841.106201171875
565.5490112304688 2841.106201171875
928.5679321289062 2321.516845703125
1213.3314208984375 2677.448486328125
1213.3314208984375 2677.448486328125
390.76348876953125 2834.333984375
390.76348876953125 2834.333984375
600.5643920898438 2873.521728515625
44.964385986328125 2625.101318359375
1145.7861328125 2574.85791015625
1145.7861328125 2574.85791015625
800.711669921875 946.0709228515625
1206.796875 2470.59716796875
1206.796875 2470.59716796875
367.40423583984375 2790.213134765625
41.18906784057617 2830.66943359375
564.0193481445312 2691.489501953125
564.0193481445312 2691.489501953125
688.2424926757812 2114.2041015625
688.2424926757812 2114.2041015625
1322.6170654296875 2667.90966796875
1322.6170654296875 2667.90966796875
688.7825927734375 2290.89404296875
1227.153076171875 2470.064208984375
1227.153076171875 2470.064208984375
1627.972900390625 2707.980224609375
1627.972900390625 2707.980224609375
1057.98974609375 1904.8541259765625
1057.98974609375 1904.8541259765625
1057.98974609375 1904.8541259765625
1057.98974609375 1904.8541259765625
31.656469345092773 2677.46630859375
31.656469345092773 2677.46630859375
853.8637084960938 1496.4649658203125
853.8637084960938 1496.4649658203125
980.6961669921875 1747.5745849609375
646.937744140625 2813.91015625
1089.7166748046875 2239.522705078125
1245.35205078125 2698.872314453125
1245.35205078125 2698.872314453125
980.015625 1678.176513671875
980.015625 1678.176513671875
3.932825803756714 2644.56201171875
3.932825803756714 2644.56201171875
1396.256103515625 2690.685546875
628.8784790039062 2635.095703125
1066.341064453125 2882.402587890625
1066.341064453125 2882.402587890625
844.1136474609375 394.4304504394531
510.2137756347656 2482.760986328125
1234.1978759765625 2680.474365234375
1234.1978759765625 2680.474365234375
961.09716796875 1623.2269287109375
961.09716796875 1623.2269287109375
623.988037109375 2226.645751953125
1232.1046142578125 2485.3564453125
1232.1046142578125 2485.3564453125
903.197021484375 466.9261169433594
54.90956115722656 2610.850341796875
54.90956115722656 2610.850341796875
842.2601318359375 411.171142578125
842.2601318359375 411.171142578125
765.3052978515625 1667.822998046875
41.433738708496094 2687.21435546875
41.433738708496094 2687.21435546875
41.433738708496094 2687.21435546875
41.433738708496094 2687.21435546875
661.7946166992188 2197.84033203125
661.7946166992188 2197.84033203125
770.3153076171875 2322.86572265625
770.3153076171875 2322.86572265625
1062.3082275390625 2110.204345703125
895.6021118164062 449.4967346191406
895.6021118164062 449.4967346191406
49.77132034301758 2725.588623046875
49.77132034301758 2725.588623046875
1186.53857421875 2607.9404296875
1186.53857421875 2607.9404296875
1186.53857421875 2607.9404296875
929.93505859375 869.9459228515625
41.887062072753906 2727.136962890625
41.887062072753906 2727.136962890625
41.887062072753906 2727.136962890625
993.351806640625 1681.4066162109375
1076.823486328125 2161.16357421875
1076.823486328125 2161.16357421875
1076.823486328125 2161.16357421875
1073.4127197265625 1958.331298828125
1063.908447265625 2061.750732421875
708.1461791992188 2109.53515625
708.1461791992188 2109.53515625
881.7886352539062 2826.857421875
518.9334106445312 2860.178466796875
53.01311492919922 2661.806396484375
1218.1136474609375 2686.81591796875
760.3428344726562 1567.4033203125
1119.544677734375 2517.771484375
1119.544677734375 2517.771484375
894.180419921875 444.2424011230469
894.180419921875 444.2424011230469
1305.1904296875 2516.674072265625
1068.7939453125 2254.6962890625
581.78564453125 2633.150146484375
581.78564453125 2633.150146484375
1131.508056640625 2153.603759765625
1093.483154296875 2504.78564453125
1143.9781494140625 2303.231201171875
1143.9781494140625 2303.231201171875
866.3470458984375 1084.200439453125
748.1691284179688 1662.856201171875
38.885005950927734 2628.8642578125
38.885005950927734 2628.8642578125
1071.140625 2233.637451171875
405.4056091308594 2810.689453125
434.1854553222656 2625.221435546875
434.1854553222656 2625.221435546875
552.4490966796875 2690.578125
552.4490966796875 2690.578125
843.673095703125 231.34922790527344
843.673095703125 231.34922790527344
656.5460205078125 2121.220703125
755.0211181640625 1657.1583251953125
1387.106201171875 2672.101318359375
6.570107936859131 2648.6474609375
6.570107936859131 2648.6474609375
1170.8326416015625 2586.94921875
1170.8326416015625 2586.94921875
502.25909423828125 2617.591796875
1085.30615234375 2518.84814453125
45.341766357421875 2722.615234375
1354.4332275390625 2617.302734375
806.7528076171875 802.5587768554688
806.7528076171875 802.5587768554688
938.0521240234375 1432.435791015625
938.0521240234375 1432.435791015625
5.2171478271484375 2675.965087890625
5.2171478271484375 2675.965087890625
988.5841064453125 2004.8580322265625
988.5841064453125 2004.8580322265625
1380.0814208984375 2655.508056640625
688.6865844726562 2281.84326171875
794.0906372070312 1107.8153076171875
794.0159301757812 1108.1954345703125
987.1277465820312 2013.35302734375
987.1277465820312 2013.35302734375
1631.5242919921875 2872.860107421875
1631.5242919921875 2872.860107421875
1124.6082763671875 2126.71728515625
1346.5501708984375 2615.8125
41.20583724975586 2699.65771484375
1059.1785888671875 2508.67822265625
546.8954467773438 2734.99658203125
1364.4141845703125 2792.875244140625
1630.7689208984375 2702.91357421875
515.4286499023438 2460.536865234375
515.4286499023438 2460.536865234375
1211.3731689453125 2869.497802734375
1211.3731689453125 2869.497802734375
42.20726013183594 2743.06787109375
1466.8251953125 2795.911376953125
940.8720703125 1663.7567138671875
1166.7894287109375 2590.82470703125
1166.7894287109375 2590.82470703125
707.4933471679688 2113.884033203125
1072.161376953125 1950.6180419921875
860.1859741210938 276.5540771484375
908.5550537109375 1212.5355224609375
908.5550537109375 1212.5355224609375
797.6742553710938 1024.293701171875
797.6742553710938 1024.293701171875
824.4686889648438 1250.22021484375
824.4686889648438 1250.22021484375
1308.6832275390625 2523.076171875
1308.4815673828125 2722.456787109375
999.3697509765625 1666.1781005859375
999.3697509765625 1666.1781005859375
787.251220703125 1489.710693359375
787.251220703125 1489.710693359375
787.251220703125 1489.710693359375
1101.93359375 2726.4365234375
1165.9471435546875 2318.88916015625
686.6109008789062 2259.134033203125
686.6109008789062 2259.134033203125
686.6109008789062 2259.134033203125
681.3070068359375 2277.466064453125
814.2263793945312 618.91064453125
560.26953125 2709.082763671875
925.1790771484375 800.8356323242188
1601.702392578125 2830.349609375
1601.702392578125 2830.349609375
980.2083740234375 1674.4779052734375
611.632568359375 2323.95556640625
507.92999267578125 2511.07958984375
507.92999267578125 2511.07958984375
402.7209777832031 2680.354248046875
634.6808471679688 2824.765625
634.6808471679688 2824.765625
1317.067138671875 2676.108642578125
38.852962493896484 2677.2294921875
1166.0283203125 2659.892333984375
1166.0283203125 2659.892333984375
1014.4341430664062 2005.9517822265625
1014.4341430664062 2005.9517822265625
1356.841552734375 2767.240966796875
1356.841552734375 2767.240966796875
666.876220703125 2260.055419921875
625.5921020507812 2643.157470703125
1247.8695068359375 2479.434326171875
1264.6837158203125 2560.16455078125
732.7935791015625 1973.9830322265625
41.8701171875 2768.08740234375
41.8701171875 2768.08740234375
1149.34912109375 2221.5380859375
1047.7662353515625 2056.27490234375
1047.7662353515625 2056.27490234375
694.5067749023438 1939.7025146484375
1318.5986328125 2545.53125
710.67431640625 2153.06494140625
969.8674926757812 1918.536376953125
1326.725341796875 2661.51220703125
640.0258178710938 2822.537353515625
682.3523559570312 2870.638916015625
699.8931884765625 2141.380615234375
699.8931884765625 2141.380615234375
701.4966430664062 2159.27783203125
1102.1630859375 2737.815185546875
1634.5169677734375 2856.02587890625
473.64239501953125 2683.1162109375
473.64239501953125 2683.1162109375
809.6708374023438 737.5107421875
1608.69677734375 2815.5390625
711.5478515625 2093.619873046875
1152.0106201171875 2568.181396484375
790.1433715820312 1196.0283203125
479.2960205078125 2524.182861328125
821.8914184570312 468.6730651855469
821.8914184570312 468.6730651855469
913.0004272460938 616.82666015625
1129.077880859375 2553.451904296875
992.2781372070312 1564.3121337890625
1081.308349609375 2232.951904296875
1081.308349609375 2232.951904296875
1081.308349609375 2232.951904296875
1050.4512939453125 2175.341064453125
1050.4512939453125 2175.341064453125
920.8287963867188 735.8016357421875
1341.164794921875 2759.091064453125
1341.164794921875 2759.091064453125
1305.21826171875 2708.58544921875
264.0959167480469 2713.555419921875
916.728271484375 674.3985595703125
1062.771484375 2227.119384765625
523.0240478515625 2644.303466796875
447.6575012207031 2587.128662109375
447.6575012207031 2587.128662109375
1294.042236328125 2717.299072265625
574.5568237304688 2476.314208984375
574.5568237304688 2476.314208984375
1068.7371826171875 2224.60888671875
1068.7371826171875 2224.60888671875
1068.7371826171875 2224.60888671875
1003.0054321289062 1661.275390625
40.44047546386719 2856.33349609375
1298.9268798828125 2668.17919921875
257.33953857421875 2694.640869140625
257.33953857421875 2694.640869140625
771.00341796875 1650.9580078125
820.3975830078125 509.4551696777344
1000.5599365234375 1989.445556640625
1299.979248046875 2706.3466796875
1299.979248046875 2706.3466796875
709.7982788085938 2101.6416015625
901.5955200195312 693.4158935546875
901.5955200195312 693.4158935546875
611.2311401367188 2319.66748046875
611.2311401367188 2319.66748046875
49.905677795410156 2722.726318359375
670.7323608398438 2106.698974609375
655.4454345703125 2106.070556640625
960.42919921875 1617.17578125
906.523681640625 1517.278564453125
691.2337646484375 2228.9365234375
983.5851440429688 1679.2589111328125
999.7911376953125 2796.21337890625
999.7911376953125 2796.21337890625
723.470947265625 1751.30517578125
723.470947265625 1751.30517578125
556.0703735351562 2709.279541015625
556.0703735351562 2709.279541015625
554.943115234375 2476.21875
554.943115234375 2476.21875
919.954833984375 1244.5740966796875
919.954833984375 1244.5740966796875
566.8568725585938 2476.83447265625
566.8568725585938 2476.83447265625
1175.2159423828125 2452.519775390625
1242.5875244140625 2723.30517578125
535.1162719726562 2485.8271484375
1205.4969482421875 2626.373291015625
1010.7290649414062 1790.81298828125
1010.7290649414062 1790.81298828125
1125.034912109375 2810.516357421875
1125.034912109375 2810.516357421875
46.05527877807617 2692.147216796875
635.364501953125 2827.8291015625
818.1113891601562 1340.971435546875
1358.9381103515625 2719.729736328125
1358.9381103515625 2719.729736328125
1120.005859375 2626.931396484375
885.341796875 496.9820556640625
885.341796875 496.9820556640625
952.3773193359375 1193.76220703125
934.7808227539062 943.3755493164062
45.350032806396484 2847.078369140625
910.4432983398438 279.23211669921875
1285.0933837890625 2611.20166015625
942.4845581054688 1651.3629150390625
942.4845581054688 1651.3629150390625
1181.137451171875 2466.246826171875
834.9649658203125 441.4700622558594
1214.325927734375 2453.83544921875
1214.325927734375 2453.83544921875
1214.325927734375 2453.83544921875
1303.2525634765625 2721.5771484375
793.0742797851562 1624.728271484375
1082.445068359375 2240.8271484375
312.9237365722656 2755.406005859375
312.9237365722656 2755.406005859375
837.3482055664062 599.378662109375
837.3482055664062 599.378662109375
508.0157165527344 2480.079833984375
476.02777099609375 2530.61181640625
1345.1917724609375 2716.181396484375
881.6256713867188 2821.650390625
881.6256713867188 2821.650390625
881.6256713867188 2821.650390625
969.7954711914062 1747.58740234375
1345.4755859375 2604.91162109375
1345.4755859375 2604.91162109375
1266.926513671875 2453.6474609375
621.236083984375 2868.953857421875
826.2738037109375 798.250244140625
826.2738037109375 798.250244140625
777.71240234375 1378.237548828125
697.2507934570312 2282.205078125
695.8099365234375 1933.389404296875
1006.9463500976562 2315.76708984375
1006.9463500976562 2315.76708984375
377.3746337890625 2714.454833984375
1236.7933349609375 2470.015869140625
948.0882568359375 1644.48583984375
948.0882568359375 1644.48583984375
894.6825561523438 278.3406982421875
894.6825561523438 278.3406982421875
1338.7015380859375 2714.788818359375
980.4833374023438 1468.8289794921875
680.4253540039062 1786.0059814453125
984.4683837890625 1866.0626220703125
984.4683837890625 1866.0626220703125
769.5098876953125 2318.323974609375
769.5098876953125 2318.323974609375
594.3457641601562 2475.54638671875
578.1901245117188 2708.79931640625
712.9044799804688 2163.8310546875
712.9044799804688 2163.8310546875
1019.9900512695312 2005.235107421875
821.4996337890625 290.7403259277344
712.8347778320312 2163.9130859375
1159.29541015625 2867.327392578125
838.2742309570312 546.9979858398438
838.2742309570312 546.9979858398438
1245.44287109375 2537.241943359375
1245.44287109375 2537.241943359375
1245.44287109375 2537.241943359375
811.9610595703125 676.8090209960938
811.9610595703125 676.8090209960938
649.284912109375 2549.53857421875
895.5825805664062 458.8669738769531
1151.0947265625 2631.15673828125
719.4298095703125 2008.0606689453125
719.4298095703125 2008.0606689453125
719.4298095703125 2008.0606689453125
40.14720916748047 2759.376220703125
1035.5198974609375 2174.06494140625
1035.5198974609375 2174.06494140625
1035.5198974609375 2174.06494140625
1123.3843994140625 2511.9970703125
1123.3843994140625 2511.9970703125
610.9920654296875 2348.02587890625
610.9920654296875 2348.02587890625
13.052030563354492 2679.84912109375
13.052030563354492 2679.84912109375
714.5794677734375 2099.680419921875
714.5794677734375 2099.680419921875
815.9480590820312 719.7847290039062
815.9480590820312 719.7847290039062
46.707401275634766 2657.7919921875
46.707401275634766 2657.7919921875
977.7755126953125 1834.4517822265625
843.1690673828125 1015.490966796875
874.0278930664062 230.70022583007812
874.0278930664062 230.70022583007812
818.564697265625 513.3261108398438
818.564697265625 513.3261108398438
845.3865356445312 464.6209411621094
845.3865356445312 464.6209411621094
871.5660400390625 478.81085205078125
996.5089721679688 1588.5438232421875
971.796875 1754.3514404296875
971.796875 1754.3514404296875
962.0708618164062 1401.3896484375
887.07763671875 546.3880004882812
805.6473388671875 824.8793334960938
845.0479736328125 454.48541259765625
845.0479736328125 454.48541259765625
1100.693115234375 2546.8125
1100.693115234375 2546.8125
802.9174194335938 894.8218383789062
699.4791870117188 2210.449951171875
822.0554809570312 490.5370178222656
1241.057861328125 2475.712646484375
703.6859741210938 2280.175537109375
703.6859741210938 2280.175537109375
501.19775390625 2612.494873046875
1066.5699462890625 2492.833984375
1066.5699462890625 2492.833984375
858.7957153320312 513.574951171875
817.1776733398438 549.5940551757812
947.4586181640625 1130.09619140625
663.567138671875 2522.041259765625
663.567138671875 2522.041259765625
1166.709716796875 2342.407958984375
954.400146484375 1307.690673828125
954.400146484375 1307.690673828125
1216.7027587890625 2394.818115234375
1216.7027587890625 2394.818115234375
874.3153076171875 1046.2509765625
874.3153076171875 1046.2509765625
1239.5775146484375 2716.90478515625
1239.5775146484375 2716.90478515625
1239.5775146484375 2716.90478515625
702.3619995117188 2153.444091796875
1069.357177734375 2156.69384765625
1109.0487060546875 2088.127197265625
906.8919677734375 462.3140563964844
1345.203369140625 2709.088623046875
911.58837890625 492.3319396972656
911.58837890625 492.3319396972656
398.87994384765625 2689.635498046875
554.557861328125 2401.920166015625
1155.76611328125 2470.93603515625
1326.4959716796875 2704.080078125
819.4291381835938 1752.7535400390625
1014.5945434570312 1958.458984375
1014.5945434570312 1958.458984375
834.0817260742188 479.1607666015625
627.0081176757812 2565.549560546875
673.04052734375 2535.365478515625
673.04052734375 2535.365478515625
1321.03662109375 2552.535400390625
889.4131469726562 1762.0484619140625
668.9376831054688 2643.869140625
820.6539306640625 286.0042724609375
441.8058166503906 2623.252197265625
690.5104370117188 2318.44384765625
690.5104370117188 2318.44384765625
927.7619018554688 2316.75146484375
927.7619018554688 2316.75146484375
40.46234893798828 2672.903564453125
40.46234893798828 2672.903564453125
1061.5926513671875 2105.91943359375
990.5588989257812 2824.668212890625
1047.2115478515625 2343.933837890625
1286.0115966796875 2715.055908203125
909.2984008789062 562.6983032226562
481.8247375488281 2657.30029296875
928.5469360351562 1339.148681640625
940.9146728515625 1543.4342041015625
940.9146728515625 1543.4342041015625
919.6167602539062 1248.884765625
919.6167602539062 1248.884765625
43.2661247253418 2752.15380859375
1174.2911376953125 2439.609619140625
1174.2911376953125 2439.609619140625
957.5133056640625 1671.8336181640625
957.5133056640625 1671.8336181640625
939.96435546875 1021.0787963867188
1044.260498046875 2215.237548828125
13.655304908752441 2661.459716796875
13.655304908752441 2661.459716796875
784.8013916015625 1283.6728515625
723.4278564453125 2208.37060546875
995.7691040039062 2820.1005859375
1194.1904296875 2549.979736328125
262.65283203125 2719.080810546875
908.0185546875 1531.78564453125
756.7823486328125 1591.344482421875
770.9300537109375 1656.4281005859375
1193.10498046875 2396.152099609375
555.2294311523438 2402.1103515625
1350.6605224609375 2599.710205078125
1350.6605224609375 2599.710205078125
906.9721069335938 1124.8704833984375
1329.8857421875 2761.5947265625
909.04638671875 561.8705444335938
878.2227172851562 1222.869140625
716.3713989257812 2198.7109375
716.3713989257812 2198.7109375
813.1762084960938 280.4591064453125
813.1762084960938 280.4591064453125
918.5299072265625 472.4546813964844
918.5299072265625 472.4546813964844
918.5299072265625 472.4546813964844
659.7941284179688 2176.24755859375
1166.45947265625 2238.378662109375
1251.00244140625 2545.72802734375
790.8534545898438 367.3237609863281
1104.3438720703125 2485.40283203125
409.7557067871094 2662.7763671875
504.419677734375 2611.9599609375
703.5296630859375 2040.61083984375
466.1378479003906 2578.71484375
355.14935302734375 2879.79443359375
355.14935302734375 2879.79443359375
355.14935302734375 2879.79443359375
49.520137786865234 2689.973876953125
1290.70703125 2504.134521484375
1290.70703125 2504.134521484375
506.358154296875 2721.779296875
506.358154296875 2721.779296875
1266.8834228515625 2470.076904296875
1266.8834228515625 2470.076904296875
1146.5389404296875 2470.938720703125
1146.5389404296875 2470.938720703125
849.8589477539062 1090.09228515625
849.8589477539062 1090.09228515625
710.6600952148438 1919.624755859375
461.7894592285156 2566.108154296875
669.4593505859375 2165.770263671875
1019.9117431640625 1738.9971923828125
735.684814453125 2015.7950439453125
735.684814453125 2015.7950439453125
816.759033203125 283.8376159667969
816.759033203125 283.8376159667969
859.1178588867188 249.36196899414062
1256.1865234375 2553.197265625
834.5228881835938 778.5289916992188
834.5228881835938 778.5289916992188
834.5228881835938 778.5289916992188
647.7234497070312 2133.308349609375
1068.6256103515625 2129.6953125
793.30224609375 1131.609375
1059.5096435546875 2209.671142578125
701.6558227539062 2134.17822265625
795.8743896484375 1200.4215087890625
715.3924560546875 2052.90380859375
843.2110595703125 1321.5201416015625
1071.1920166015625 2044.2669677734375
1071.1920166015625 2044.2669677734375
1071.1920166015625 2044.2669677734375
1071.1920166015625 2044.2669677734375
1285.511962890625 2695.51318359375
889.5189208984375 598.4617919921875
852.5082397460938 255.85604858398438
862.0416259765625 839.9310913085938
862.0416259765625 839.9310913085938
939.2743530273438 1126.157958984375
939.2743530273438 1126.157958984375
995.0889892578125 2807.421875
995.0889892578125 2807.421875
871.8826904296875 1258.5277099609375
871.8826904296875 1258.5277099609375
1165.1195068359375 2435.38671875
1249.03076171875 2566.064208984375
1249.03076171875 2566.064208984375
1043.288818359375 2170.08642578125
493.20367431640625 2511.207763671875
493.20367431640625 2511.207763671875
967.727294921875 1926.6265869140625
814.6307373046875 892.8028564453125
864.9364624023438 1222.651611328125
903.7667236328125 485.77935791015625
644.9053955078125 2209.013427734375
360.2894592285156 2878.2705078125
797.4666137695312 395.0043640136719
833.7568359375 453.9722900390625
833.7568359375 453.9722900390625
1275.151123046875 2472.1044921875
820.4391479492188 1647.3480224609375
835.4776000976562 292.4052734375
835.4776000976562 292.4052734375
835.4776000976562 292.4052734375
907.2804565429688 1524.3839111328125
642.8831176757812 2812.545166015625
805.9639282226562 1244.0989990234375
713.1868286132812 2085.8603515625
1053.4920654296875 2135.839599609375
1325.874267578125 2699.60107421875
1068.8243408203125 1833.9820556640625
1068.8243408203125 1833.9820556640625
1081.9986572265625 2156.264404296875
714.469482421875 2103.18017578125
845.3348388671875 1189.8232421875
845.3348388671875 1189.8232421875
1155.190673828125 2639.847412109375
709.613037109375 2484.468994140625
709.613037109375 2484.468994140625
1016.9491577148438 2038.8214111328125
704.0888061523438 2007.9901123046875
1059.06689453125 2097.4013671875
659.4292602539062 2516.2158203125
659.4292602539062 2516.2158203125
662.5486450195312 2214.796142578125
1146.7886962890625 2621.781005859375
984.1981201171875 1938.1475830078125
1056.89697265625 2090.11181640625
778.7963256835938 1373.861083984375
1024.4544677734375 2195.8291015625
1030.63671875 2013.6505126953125
589.4677124023438 2837.949462890625
936.4923095703125 1548.7027587890625
1056.8636474609375 2229.914794921875
837.0006103515625 1086.8009033203125
837.0006103515625 1086.8009033203125
647.4370727539062 2870.984375
685.8935546875 2071.358642578125
777.31884765625 2006.834716796875
777.31884765625 2006.834716796875
847.36279296875 459.2968444824219
1631.478515625 2862.496337890625
1631.478515625 2862.496337890625
1253.158203125 2497.61083984375
1101.681396484375 2057.681884765625
828.8649291992188 287.0840759277344
859.5849609375 616.1235961914062
1212.7952880859375 2486.86181640625
697.638427734375 2522.337158203125
697.638427734375 2522.337158203125
668.968505859375 2141.471923828125
1086.3916015625 2319.0908203125
862.6710815429688 572.9603881835938
862.6710815429688 572.9603881835938
789.0130615234375 1220.3134765625
969.5792846679688 1375.3511962890625
1033.8126220703125 2002.28173828125
1033.8126220703125 2002.28173828125
845.7008056640625 1258.0267333984375
688.8753662109375 2508.77490234375
688.8753662109375 2508.77490234375
512.0672607421875 2610.731689453125
784.85107421875 1602.5206298828125
1066.654296875 2199.287109375
864.7402954101562 1229.9453125
864.7402954101562 1229.9453125
796.7009887695312 2835.712158203125
799.714599609375 1653.9326171875
545.9244995117188 2393.5009765625
545.9244995117188 2393.5009765625
1326.1466064453125 2717.216064453125
1159.26611328125 2865.10791015625
1227.827880859375 2411.422119140625
1227.827880859375 2411.422119140625
1400.5504150390625 2686.73291015625
919.301025390625 1747.80615234375
919.301025390625 1747.80615234375
816.5432739257812 290.4992370605469
1097.126708984375 2498.21337890625
34.04100799560547 2674.53466796875
847.7813110351562 1437.8990478515625
847.7813110351562 1437.8990478515625
1288.4468994140625 2683.760498046875
798.274169921875 1663.9083251953125
892.3695678710938 2877.261962890625
892.3695678710938 2877.261962890625
938.3408203125 1751.0035400390625
1053.375 2184.955810546875
845.6836547851562 1251.772216796875
1110.813232421875 2092.927001953125
829.5931396484375 1755.541015625
1024.11083984375 1753.529052734375
1024.11083984375 1753.529052734375
513.2215576171875 2617.5400390625
513.2215576171875 2617.5400390625
955.6512451171875 1823.7734375
955.6512451171875 1823.7734375
784.6148071289062 1638.06689453125
946.3515014648438 1213.8304443359375
865.0602416992188 1195.8343505859375
1091.6121826171875 2246.61328125
775.7631225585938 1402.179443359375
539.69140625 2853.277099609375
732.389404296875 1959.7877197265625
1112.5103759765625 2198.17578125
984.1087036132812 1493.1148681640625
889.9563598632812 282.5548095703125
704.1337280273438 2165.84814453125
824.3972778320312 1011.71142578125
910.9865112304688 1486.6982421875
910.9865112304688 1486.6982421875
1640.153076171875 2859.4609375
877.9789428710938 2817.69482421875
451.4278869628906 2581.18212890625
621.9736938476562 2870.28857421875
1066.4478759765625 2211.8095703125
1066.4478759765625 2211.8095703125
675.5103149414062 2026.0169677734375
835.8126220703125 715.7567749023438
835.8126220703125 715.7567749023438
452.7787780761719 2574.0615234375
452.7787780761719 2574.0615234375
711.0421752929688 2058.732666015625
682.85693359375 2003.4393310546875
1171.8785400390625 2670.2939453125
1171.8785400390625 2670.2939453125
717.4568481445312 2092.63134765625
817.6153564453125 1920.5357666015625
817.6153564453125 1920.5357666015625
813.3872680664062 641.0133056640625
809.7151489257812 2843.1650390625
809.7151489257812 2843.1650390625
478.7662353515625 2656.536865234375
478.7662353515625 2656.536865234375
864.336181640625 929.9384765625
1231.2099609375 2465.02880859375
1289.5682373046875 2614.158935546875
996.8074340820312 1984.1038818359375
996.8074340820312 1984.1038818359375
850.110595703125 281.76904296875
824.3126220703125 1590.7095947265625
918.5587158203125 458.4206237792969
1295.3284912109375 2786.980224609375
1295.3284912109375 2786.980224609375
514.6114501953125 2477.295654296875
514.6114501953125 2477.295654296875
858.8292236328125 563.408935546875
842.019775390625 962.7349243164062
1030.0257568359375 2013.42333984375
799.9004516601562 968.3023071289062
799.9004516601562 968.3023071289062
790.73974609375 1646.8590087890625
790.73974609375 1646.8590087890625
1269.211669921875 2588.1826171875
716.662841796875 2010.6163330078125
853.760986328125 1748.5882568359375
1040.757080078125 2050.8916015625
1005.4940185546875 2828.048095703125
920.6615600585938 1495.9964599609375
678.5700073242188 2260.11279296875
678.5700073242188 2260.11279296875
1017.6393432617188 2096.45458984375
1017.6393432617188 2096.45458984375
830.5853271484375 1069.19873046875
1336.5283203125 2630.036376953125
853.21728515625 75.12152862548828
967.9265747070312 1370.1044921875
814.75146484375 1538.1396484375
1212.8392333984375 2562.509521484375
706.926513671875 1987.0142822265625
706.926513671875 1987.0142822265625
514.068603515625 2532.357177734375
847.6542358398438 1432.026611328125
1151.2327880859375 2242.860107421875
885.7855224609375 1280.4200439453125
921.6430053710938 1353.4725341796875
921.6430053710938 1353.4725341796875
1047.2958984375 1863.2030029296875
774.8104858398438 1478.9453125
472.791748046875 2665.401123046875
614.896484375 2663.29296875
614.896484375 2663.29296875
1092.7364501953125 2215.83251953125
1092.7364501953125 2215.83251953125
1264.023681640625 2645.761474609375
719.0343017578125 2071.968017578125
929.6592407226562 1651.6007080078125
685.6156616210938 2009.824951171875
941.7568969726562 1046.4366455078125
757.03369140625 1617.2579345703125
757.03369140625 1617.2579345703125
846.9102783203125 1125.9462890625
846.9102783203125 1125.9462890625
541.4751586914062 2481.952880859375
605.9096069335938 2582.82177734375
605.9096069335938 2582.82177734375
605.9096069335938 2582.82177734375
798.2780151367188 1074.8316650390625
798.2780151367188 1074.8316650390625
822.4031982421875 454.09564208984375
1056.419677734375 2055.36572265625
1214.14013671875 2434.955810546875
949.5751342773438 1534.181396484375
949.5751342773438 1534.181396484375
949.5751342773438 1534.181396484375
666.87451171875 2125.800048828125
666.87451171875 2125.800048828125
873.3091430664062 1084.453125
812.4959716796875 1070.2637939453125
1032.27490234375 1971.13037109375
926.8836059570312 823.0696411132812
1002.3817749023438 1977.4365234375
900.680419921875 456.273681640625
769.3937377929688 1472.25146484375
793.305908203125 1920.0880126953125
808.5132446289062 759.1474609375
721.9039916992188 2015.821533203125
688.7802734375 2064.30078125
920.1630859375 1110.791748046875
920.1630859375 1110.791748046875
1446.369140625 2809.922607421875
1446.369140625 2809.922607421875
693.2708740234375 1946.7921142578125
1125.1195068359375 2289.180908203125
1125.1195068359375 2289.180908203125
1191.580078125 2455.701171875
822.6261596679688 696.9381713867188
822.6261596679688 696.9381713867188
1271.9146728515625 2595.21142578125
1271.9146728515625 2595.21142578125
951.3489990234375 1622.5257568359375
668.5987548828125 2249.14013671875
898.9891967773438 464.12158203125
898.9891967773438 464.12158203125
953.8019409179688 1412.1083984375
953.8019409179688 1412.1083984375
799.5234375 1641.548095703125
799.5234375 1641.548095703125
1088.6898193359375 2180.67431640625
917.0742797851562 899.3887329101562
917.0742797851562 899.3887329101562
804.5216674804688 990.3567504882812
841.4381103515625 1092.294189453125
762.3613891601562 1607.4393310546875
792.1900634765625 1639.9735107421875
1129.46044921875 2738.1376953125
1129.46044921875 2738.1376953125
1075.990966796875 2154.80908203125
1301.5313720703125 2659.579833984375
527.72705078125 2267.341064453125
527.72705078125 2267.341064453125
1138.6837158203125 2252.9501953125
912.1212768554688 463.0526123046875
503.10577392578125 2511.349365234375
872.4071655273438 526.8217163085938
872.4071655273438 526.8217163085938
710.1614379882812 1920.9654541015625
1326.22900390625 2710.153076171875
582.1422119140625 2461.91845703125
582.1422119140625 2461.91845703125
865.881591796875 255.5919952392578
1020.9675903320312 1918.54248046875
1020.9675903320312 1918.54248046875
1020.9675903320312 1918.54248046875
810.9398803710938 697.9336547851562
475.38812255859375 2602.47607421875
1269.1956787109375 2520.076171875
1269.1956787109375 2520.076171875
654.8748779296875 2220.982177734375
1103.3330078125 2542.905517578125
1103.3330078125 2542.905517578125
832.6470947265625 917.6493530273438
832.6470947265625 917.6493530273438
1219.1412353515625 2505.72216796875
1219.1412353515625 2505.72216796875
748.7940673828125 1777.1624755859375
1240.9556884765625 2407.678466796875
1387.51708984375 2885.056640625
1387.51708984375 2885.056640625
517.1852416992188 2594.47607421875
876.9117431640625 1087.535400390625
878.7061157226562 1088.568115234375
865.3262329101562 746.1353759765625
865.3262329101562 746.1353759765625
1296.9969482421875 2650.949462890625
791.7385864257812 1667.8194580078125
791.7385864257812 1667.8194580078125
824.9840698242188 588.4482421875
824.9840698242188 588.4482421875
666.0997314453125 2213.6826171875
666.0997314453125 2213.6826171875
714.4644165039062 2015.927490234375
809.024658203125 1542.1378173828125
809.024658203125 1542.1378173828125
815.6900024414062 1550.1104736328125
815.6900024414062 1550.1104736328125
681.085693359375 2495.291259765625
681.085693359375 2495.291259765625
850.55029296875 1443.2059326171875
897.5350952148438 654.4576416015625
875.0385131835938 445.29541015625
875.0385131835938 445.29541015625
1107.5166015625 2726.34423828125
1120.365478515625 2137.3525390625
879.9719848632812 2818.127685546875
712.9862670898438 2050.96728515625
878.9248046875 1229.79541015625
828.7047119140625 1161.404052734375
828.7047119140625 1161.404052734375
828.7047119140625 1161.404052734375
843.930908203125 1762.1051025390625
908.32763671875 1074.1226806640625
908.32763671875 1074.1226806640625
908.32763671875 1074.1226806640625
1149.3653564453125 2626.4833984375
908.4405517578125 489.9223327636719
976.6365966796875 1532.4373779296875
976.6365966796875 1532.4373779296875
653.4710693359375 2254.364501953125
653.4710693359375 2254.364501953125
794.1007080078125 1533.804931640625
773.7504272460938 1534.8433837890625
1381.2103271484375 2649.036376953125
691.8540649414062 1954.5982666015625
861.9742431640625 860.31005859375
861.9742431640625 860.31005859375
1140.845458984375 2172.320556640625
715.9913940429688 2152.4306640625
726.3500366210938 2054.0224609375
1230.2789306640625 2447.982177734375
1330.023193359375 2563.6103515625
1330.023193359375 2563.6103515625
446.8593444824219 2699.285888671875
1290.667724609375 2605.525634765625
365.73773193359375 2877.8740234375
365.73773193359375 2877.8740234375
965.16650390625 1495.957275390625
1312.01025390625 2530.440185546875
1298.43994140625 2610.732177734375
848.7462158203125 2321.669189453125
630.1618041992188 2826.906494140625
731.406005859375 2063.932373046875
674.7354125976562 2093.673828125
1010.0897827148438 1783.3211669921875
907.157958984375 534.1793212890625
907.157958984375 534.1793212890625
880.4483642578125 1089.2642822265625
1017.4790649414062 1971.14990234375
1017.4790649414062 1971.14990234375
1226.5147705078125 2511.67626953125
1226.5147705078125 2511.67626953125
681.506103515625 2251.410400390625
924.201904296875 1175.6927490234375
924.201904296875 1175.6927490234375
964.3602294921875 1462.7911376953125
964.3602294921875 1462.7911376953125
920.9679565429688 895.1687622070312
1339.62548828125 2592.95654296875
801.1290893554688 1624.8671875
845.6686401367188 674.43603515625
712.3362426757812 2054.47021484375
791.8490600585938 1632.300537109375
791.8490600585938 1632.300537109375
1013.737548828125 2040.3780517578125
535.3906860351562 2460.617431640625
535.3906860351562 2460.617431640625
537.0765991210938 2572.608642578125
1016.3123779296875 2042.5413818359375
633.9392700195312 2823.198974609375
693.7523193359375 2164.237548828125
5.143947124481201 2698.482421875
5.143947124481201 2698.482421875
826.886962890625 1458.719970703125
908.8788452148438 1538.9752197265625
806.545654296875 1214.7265625
650.2776489257812 2127.243408203125
650.2776489257812 2127.243408203125
808.3931274414062 1530.7366943359375
808.3931274414062 1530.7366943359375
875.1963500976562 1063.804443359375
696.3047485351562 2115.560791015625
807.2943115234375 1058.9310302734375
489.7423400878906 2617.399169921875
489.7423400878906 2617.399169921875
551.4601440429688 2741.9501953125
551.4601440429688 2741.9501953125
1280.67578125 2504.703125
545.33203125 2476.490234375
987.8533325195312 1514.95556640625
1308.4066162109375 2627.298583984375
1308.4066162109375 2627.298583984375
897.7725830078125 1139.5411376953125
1129.0933837890625 2212.875732421875
699.98876953125 2150.639892578125
921.312744140625 837.85302734375
921.312744140625 837.85302734375
957.0133056640625 1938.1611328125
957.0133056640625 1938.1611328125
777.612060546875 1877.83056640625
890.76806640625 292.66168212890625
890.76806640625 292.66168212890625
741.430908203125 2089.885986328125
823.622314453125 937.2487182617188
1128.0751953125 2634.182373046875
763.1097412109375 1631.22998046875
763.1097412109375 1631.22998046875
1148.766357421875 2865.72998046875
1378.037109375 2647.15283203125
903.3624877929688 568.9066772460938
1318.0396728515625 2708.99755859375
811.7932739257812 474.1087951660156
811.7932739257812 474.1087951660156
904.9210815429688 1502.8970947265625
1232.3568115234375 2470.384765625
848.542236328125 2317.518798828125
1319.4268798828125 2710.464111328125
1114.8148193359375 2601.19921875
904.612548828125 1089.75634765625
904.612548828125 1089.75634765625
442.45733642578125 2591.482666015625
818.572265625 932.4979858398438
697.6581420898438 2288.73388671875
475.27825927734375 2700.17236328125
891.0097045898438 831.5831298828125
530.6922607421875 2491.818603515625
530.6922607421875 2491.818603515625
339.58636474609375 2879.08349609375
1227.802490234375 2730.2626953125
911.8980712890625 471.6388854980469
1300.528076171875 2710.1767578125
1300.528076171875 2710.1767578125
1287.843017578125 2565.6962890625
461.3092346191406 2700.973388671875
845.55859375 1237.939208984375
845.55859375 1237.939208984375
845.55859375 1237.939208984375
653.9573364257812 2160.279296875
842.3743286132812 479.35369873046875
684.4708251953125 2097.349609375
962.5400390625 1307.7239990234375
984.8873291015625 2021.376708984375
1105.130615234375 2274.5458984375
1105.130615234375 2274.5458984375
1156.0687255859375 2244.458740234375
1086.229248046875 2314.953125
521.05712890625 2566.7802734375
761.7633666992188 1906.80322265625
903.2159423828125 1085.679931640625
833.26416015625 415.2244567871094
833.26416015625 415.2244567871094
712.5198364257812 2490.351318359375
712.5198364257812 2490.351318359375
1032.3118896484375 2048.5078125
22.387144088745117 2662.44384765625
22.387144088745117 2662.44384765625
795.5647583007812 1927.8692626953125
823.7599487304688 585.6506958007812
823.7599487304688 585.6506958007812
954.1875610351562 1669.07275390625
954.1875610351562 1669.07275390625
902.12451171875 1134.9464111328125
630.5044555664062 2630.405517578125
717.6505737304688 1847.6473388671875
705.9093017578125 2139.174560546875
722.9010009765625 2106.6357421875
473.80682373046875 2701.193359375
1164.561767578125 2232.0634765625
1313.1156005859375 2718.17431640625
1282.9532470703125 2608.124755859375
1282.9532470703125 2608.124755859375
839.1959228515625 1487.42138671875
839.1959228515625 1487.42138671875
828.9910888671875 641.2572631835938
1090.8450927734375 2049.173828125
1090.8450927734375 2049.173828125
806.0032958984375 481.8287048339844
931.9434814453125 988.5580444335938
1238.2762451171875 2549.8857421875
850.1010131835938 1190.9061279296875
850.1010131835938 1190.9061279296875
1020.21923828125 2805.38720703125
1020.21923828125 2805.38720703125
851.1362915039062 1128.2723388671875
1597.8704833984375 2862.927001953125
1597.8704833984375 2862.927001953125
41.48442840576172 2664.736328125
41.48442840576172 2664.736328125
880.5139770507812 465.9568176269531
791.7720947265625 1429.6033935546875
791.7720947265625 1429.6033935546875
836.0386352539062 466.6792907714844
501.9358825683594 2615.55517578125
527.3856811523438 2614.685791015625
662.6459350585938 2244.806884765625
662.6459350585938 2244.806884765625
530.5314331054688 2503.981689453125
839.1590576171875 497.92205810546875
987.0950927734375 1507.7449951171875
6.372793674468994 2699.90185546875
6.372793674468994 2699.90185546875
965.77734375 1500.4404296875
965.77734375 1500.4404296875
866.205810546875 810.912353515625
905.483154296875 1592.6201171875
905.483154296875 1592.6201171875
724.5174560546875 2006.861328125
677.2796020507812 2489.0126953125
677.2796020507812 2489.0126953125
1626.9273681640625 2857.499267578125
830.7186889648438 534.45947265625
554.1420288085938 2622.7158203125
554.1420288085938 2622.7158203125
901.3721923828125 536.3617553710938
901.3721923828125 536.3617553710938
695.4000854492188 2004.4346923828125
474.375 2869.01318359375
474.375 2869.01318359375
1042.6876220703125 2013.9931640625
1042.6876220703125 2013.9931640625
1030.34716796875 1775.996337890625
1030.34716796875 1775.996337890625
886.9229125976562 1322.583251953125
103.0791244506836 2584.768798828125
103.0791244506836 2584.768798828125
834.0512084960938 1161.072998046875
923.6455078125 1009.0042724609375
1052.9503173828125 2012.66455078125
837.9638671875 745.6563110351562
837.9638671875 745.6563110351562
762.7651977539062 1890.642578125
949.1860961914062 1526.7200927734375
949.1860961914062 1526.7200927734375
873.301025390625 1301.3486328125
873.301025390625 1301.3486328125
996.5181884765625 1840.838623046875
539.3550415039062 2414.31494140625
539.3550415039062 2414.31494140625
927.6949462890625 1331.6868896484375
998.8917236328125 2147.009765625
892.60693359375 1747.8936767578125
1097.831787109375 2036.5606689453125
905.7255859375 992.5701293945312
845.8807373046875 1263.5367431640625
1340.68212890625 2691.762451171875
1340.68212890625 2691.762451171875
685.3164672851562 2124.49853515625
1291.901611328125 2666.66455078125
1291.901611328125 2666.66455078125
1049.993896484375 2007.6727294921875
902.6729125976562 1341.9166259765625
592.8253784179688 2611.14453125
592.8253784179688 2611.14453125
675.7599487304688 2124.6923828125
897.7090454101562 915.98974609375
756.2908325195312 1626.087646484375
756.2908325195312 1626.087646484375
935.849609375 1777.282470703125
935.849609375 1777.282470703125
777.0556640625 1632.2291259765625
777.0556640625 1632.2291259765625
927.4857177734375 1512.0823974609375
927.4857177734375 1512.0823974609375
550.8726806640625 2471.09130859375
550.8726806640625 2471.09130859375
1282.9166259765625 2521.92041015625
887.431640625 571.6981811523438
902.6654052734375 916.2844848632812
689.0256958007812 2079.92138671875
1000.0812377929688 2153.5537109375
484.8224182128906 2655.02685546875
1368.605224609375 2724.582275390625
1368.605224609375 2724.582275390625
1338.5059814453125 2706.380615234375
715.3875122070312 1981.3294677734375
863.3336181640625 627.1385498046875
863.3336181640625 627.1385498046875
720.0205688476562 2051.788330078125
1061.1358642578125 2184.529541015625
445.608154296875 2696.265625
1099.9713134765625 2152.935791015625
1144.1531982421875 2546.980712890625
1263.0159912109375 2482.614990234375
1093.97509765625 2255.7626953125
873.9896240234375 1751.8302001953125
873.9896240234375 1751.8302001953125
536.6184692382812 2883.109375
536.6184692382812 2883.109375
721.146484375 1949.08447265625
830.1498413085938 294.1673278808594
830.1498413085938 294.1673278808594
856.6519165039062 1211.5867919921875
856.6519165039062 1211.5867919921875
842.171875 358.44903564453125
1316.535888671875 2658.380615234375
838.971923828125 511.19268798828125
838.971923828125 511.19268798828125
794.8866577148438 1072.8623046875
1347.8016357421875 2794.824462890625
1127.360107421875 2539.347412109375
1127.360107421875 2539.347412109375
1155.270263671875 2864.349853515625
443.62310791015625 2617.46875
808.609619140625 1518.9273681640625
972.0739135742188 1399.864013671875
916.1249389648438 1748.07666015625
775.2462768554688 1646.4906005859375
987.7035522460938 1620.499267578125
740.3778686523438 1826.71435546875
435.8599548339844 2608.40478515625
859.7281494140625 1089.015869140625
859.7281494140625 1089.015869140625
847.544189453125 1410.8328857421875
855.226318359375 428.1650085449219
855.226318359375 428.1650085449219
915.9132690429688 1605.263671875
704.9750366210938 2153.50146484375
694.536865234375 2157.56689453125
700.3588256835938 1996.4505615234375
867.0364990234375 531.6585693359375
867.0364990234375 531.6585693359375
837.232421875 571.7974853515625
862.5560302734375 826.5059814453125
862.2461547851562 910.9072265625
862.2461547851562 910.9072265625
901.087890625 1152.6978759765625
901.087890625 1152.6978759765625
845.5433959960938 1245.0677490234375
913.1216430664062 1731.7828369140625
908.2145385742188 916.344482421875
711.4453125 2103.6640625
711.4453125 2103.6640625
770.3953857421875 2832.28662109375
1077.96240234375 2209.741943359375
1077.96240234375 2209.741943359375
830.83349609375 637.7431030273438
859.58349609375 673.0611572265625
893.990966796875 714.0958251953125
893.990966796875 714.0958251953125
891.8280029296875 654.0962524414062
813.8887329101562 647.6141967773438
831.7933349609375 1074.9315185546875
681.6110229492188 2214.712158203125
1343.868408203125 2582.935302734375
512.3306884765625 2526.57763671875
41.39443588256836 2710.81201171875
943.6214599609375 1919.6846923828125
820.1747436523438 1114.2398681640625
927.6348876953125 897.4476928710938
847.6536254882812 1426.3988037109375
769.4608764648438 1503.8876953125
900.7756958007812 452.1822509765625
807.5799560546875 290.9211120605469
807.5799560546875 290.9211120605469
836.110595703125 636.1012573242188
1253.1331787109375 2334.16748046875
1253.1331787109375 2334.16748046875
943.2422485351562 1220.593017578125
943.2422485351562 1220.593017578125
681.3428344726562 2288.59375
681.3428344726562 2288.59375
823.1835327148438 1162.759765625
860.8289184570312 758.5658569335938
492.36541748046875 2561.967529296875
492.36541748046875 2561.967529296875
713.3230590820312 2096.093017578125
713.3230590820312 2096.093017578125
896.5518798828125 291.1278076171875
896.5518798828125 291.1278076171875
1042.86474609375 2146.758056640625
838.966796875 462.6769104003906
838.966796875 462.6769104003906
786.0121459960938 1446.0166015625
786.0121459960938 1446.0166015625
1072.8402099609375 2046.853759765625
472.8133544921875 2538.138916015625
651.7113647460938 2203.564453125
1135.3917236328125 2387.994873046875
1135.3917236328125 2387.994873046875
562.9210205078125 2512.805908203125
752.1538696289062 1660.5382080078125
726.0519409179688 2155.471435546875
726.0519409179688 2155.471435546875
726.0519409179688 2155.471435546875
876.0662841796875 1299.548583984375
887.4419555664062 802.5510864257812
1112.6083984375 2277.2412109375
951.0661010742188 1432.4832763671875
1057.201904296875 2061.592529296875
1057.201904296875 2061.592529296875
781.3099365234375 1778.0858154296875
780.140625 1874.0635986328125
780.140625 1874.0635986328125
1033.5860595703125 2111.170654296875
889.5480346679688 453.7607421875
921.6860961914062 1582.422607421875
921.6860961914062 1582.422607421875
796.2862548828125 1454.6427001953125
913.625732421875 2888.994384765625
913.625732421875 2888.994384765625
913.625732421875 2888.994384765625
791.2539672851562 1310.0257568359375
1609.6102294921875 2837.692626953125
1609.6102294921875 2837.692626953125
682.7173461914062 2081.781005859375
919.0265502929688 319.3868408203125
974.3585205078125 1474.2069091796875
974.3585205078125 1474.2069091796875
516.8005981445312 2615.383056640625
886.0789794921875 805.1947631835938
886.0789794921875 805.1947631835938
747.1619262695312 2056.145263671875
707.9298095703125 1975.7271728515625
485.81695556640625 2633.679931640625
793.6250610351562 1225.969970703125
1056.9840087890625 2100.11572265625
455.1350402832031 2571.590087890625
455.1350402832031 2571.590087890625
1255.02783203125 2611.210205078125
1047.0576171875 2209.9130859375
1047.0576171875 2209.9130859375
1094.3912353515625 2519.866943359375
1094.3912353515625 2519.866943359375
566.2359619140625 2407.62060546875
925.89306640625 1453.64794921875
925.89306640625 1453.64794921875
585.565185546875 2476.1533203125
684.1396484375 2017.09814453125
710.3727416992188 2078.191650390625
881.5977172851562 1123.3026123046875
982.617919921875 1822.6956787109375
1104.721923828125 2866.6015625
1104.721923828125 2866.6015625
1103.938720703125 2062.7197265625
853.3400268554688 543.1546630859375
1055.432861328125 2141.421142578125
518.3740234375 2591.198974609375
871.8276977539062 890.9696655273438
764.234619140625 1951.7706298828125
656.9326171875 2082.929931640625
670.0990600585938 2085.37548828125
670.0990600585938 2085.37548828125
519.7450561523438 2586.54150390625
519.7450561523438 2586.54150390625
816.5591430664062 659.2830810546875
1167.465576171875 2381.117919921875
1167.465576171875 2381.117919921875
1167.465576171875 2381.117919921875
1167.465576171875 2381.117919921875
955.25634765625 1623.56201171875
636.177978515625 2816.599365234375
526.1522827148438 2476.544189453125
526.1522827148438 2476.544189453125
757.4188232421875 1660.370849609375
1197.9127197265625 2668.762939453125
1197.9127197265625 2668.762939453125
1094.6043701171875 2108.36181640625
829.9852905273438 1584.798583984375
587.801025390625 2839.251708984375
587.801025390625 2839.251708984375
774.046630859375 1525.76806640625
899.6204223632812 1582.888671875
899.6204223632812 1582.888671875
899.6204223632812 1582.888671875
961.8759765625 1630.366455078125
961.8759765625 1630.366455078125
1062.34765625 2078.310791015625
1062.34765625 2078.310791015625
888.9417724609375 798.4047241210938
632.4701538085938 2475.162109375
632.4701538085938 2475.162109375
922.3922119140625 1457.9478759765625
922.3922119140625 1457.9478759765625
1220.504150390625 2502.611083984375
821.3814086914062 1100.6590576171875
1225.4622802734375 2395.53515625
984.8327026367188 1886.1224365234375
1244.992431640625 2547.23681640625
1244.992431640625 2547.23681640625
858.4959106445312 544.5499877929688
656.8873901367188 2251.222900390625
1137.613525390625 2185.486572265625
1137.613525390625 2185.486572265625
723.3614501953125 1975.182373046875
827.0687255859375 2893.094482421875
827.0687255859375 2893.094482421875
1028.295166015625 2108.712158203125
813.310546875 782.302734375
813.310546875 782.302734375
813.310546875 782.302734375
907.1151123046875 1589.5133056640625
907.1151123046875 1589.5133056640625
754.334716796875 1669.51123046875
948.7864990234375 1898.9464111328125
948.7864990234375 1898.9464111328125
528.9102783203125 2559.84228515625
1072.74365234375 2567.720458984375
893.2340698242188 497.117431640625
928.4671020507812 1754.6246337890625
928.4671020507812 1754.6246337890625
1310.466552734375 2751.4619140625
1310.466552734375 2751.4619140625
749.12060546875 1794.03515625
1648.1072998046875 2856.853271484375
892.7734375 1299.621337890625
892.7734375 1299.621337890625
996.7847290039062 2135.04052734375
741.1046752929688 2103.991455078125
690.3735961914062 2027.987548828125
998.8265991210938 1652.98681640625
1224.8603515625 2467.575927734375
790.16015625 1546.844482421875
721.9636840820312 2183.62158203125
536.6729125976562 2679.195068359375
536.6729125976562 2679.195068359375
899.518310546875 850.5012817382812
698.1566772460938 2148.557861328125
698.1566772460938 2148.557861328125
669.4595336914062 2240.80859375
669.4595336914062 2240.80859375
848.3720703125 1187.842529296875
1364.9598388671875 2630.940185546875
1046.9327392578125 1917.947998046875
1052.4102783203125 2043.8614501953125
886.1839599609375 483.2777404785156
793.96435546875 1396.177734375
793.96435546875 1396.177734375
878.6603393554688 1393.7274169921875
878.6603393554688 1393.7274169921875
1642.6243896484375 2871.412353515625
1642.6243896484375 2871.412353515625
1642.6243896484375 2871.412353515625
1219.1612548828125 2684.116943359375
704.6981811523438 2256.2724609375
1219.5341796875 2795.97265625
710.7677612304688 2160.491943359375
813.1970825195312 1011.292236328125
969.9916381835938 1886.61669921875
969.9916381835938 1886.61669921875
904.7640380859375 641.64013671875
906.3811645507812 717.5811767578125
980.0130004882812 2063.88671875
1072.6116943359375 2211.663818359375
1072.6116943359375 2211.663818359375
857.7437133789062 961.0277709960938
1344.81982421875 2609.673583984375
747.8761596679688 2122.30078125
1074.998046875 2153.039306640625
900.6419677734375 1180.4080810546875
775.884521484375 1496.351806640625
775.884521484375 1496.351806640625
525.0399169921875 2525.662353515625
842.9363403320312 995.0841064453125
