2.4248251914978027 557.2896728515625
3.161926507949829 627.6697998046875
3.589721441268921 605.8831176757812
5.048719882965088 624.3626708984375
5.0755181312561035 583.2579345703125
5.307511806488037 677.1593017578125
5.887888431549072 531.96435546875
6.0272536277771 505.6648254394531
7.137460231781006 493.51055908203125
7.376864433288574 593.0568237304688
7.975261688232422 640.9363403320312
8.202323913574219 508.4907531738281
8.472692489624023 542.404541015625
8.526329040527344 635.517578125
8.921706199645996 704.6475219726562
8.990063667297363 482.41412353515625
8.990063667297363 482.41412353515625
9.145795822143555 557.4170532226562
9.88316535949707 643.1129760742188
9.88316535949707 643.1129760742188
9.923882484436035 655.6976318359375
9.923882484436035 655.6976318359375
9.986448287963867 564.3433227539062
9.986448287963867 564.3433227539062
10.622210502624512 600.1475830078125
10.622210502624512 600.1475830078125
10.866477966308594 645.9829711914062
11.107806205749512 548.6253051757812
11.107806205749512 548.6253051757812
11.37306022644043 511.56524658203125
11.944268226623535 482.53369140625
11.997366905212402 540.7421264648438
12.524480819702148 507.7229919433594
12.596768379211426 528.5030517578125
13.394342422485352 634.6447143554688
13.394342422485352 634.6447143554688
14.97461223602295 634.1046142578125
15.010649681091309 651.1652221679688
15.494278907775879 573.57080078125
15.736672401428223 522.7096557617188
15.844104766845703 535.3908081054688
16.375619888305664 593.0380859375
17.68779754638672 555.2308349609375
17.759178161621094 555.4949340820312
17.793668746948242 638.6149291992188
17.91667938232422 496.1644287109375
18.82321548461914 648.0153198242188
19.018901824951172 626.9234619140625
19.100383758544922 603.4322509765625
19.100383758544922 603.4322509765625
19.34833335876465 520.0986938476562
19.964967727661133 534.0579833984375
20.236854553222656 597.238037109375
20.28483772277832 654.1882934570312
20.41290855407715 732.6654052734375
20.416343688964844 695.6427001953125
20.454345703125 612.8388671875
20.454345703125 612.8388671875
22.248151779174805 573.052001953125
22.838741302490234 513.8766479492188
23.72784996032715 647.915771484375
24.48037338256836 533.4830932617188
24.48037338256836 533.4830932617188
24.57145881652832 551.7958984375
25.00291633605957 527.8267822265625
25.970245361328125 537.1480102539062
26.096555709838867 623.1723022460938
26.096555709838867 623.1723022460938
26.586902618408203 618.7913208007812
26.949670791625977 654.5170288085938
27.036319732666016 551.45458984375
27.07300567626953 607.0761108398438
27.55620574951172 687.865966796875
27.72828483581543 509.534423828125
27.99088478088379 670.335693359375
27.99609375 516.0327758789062
28.263195037841797 647.988525390625
28.318445205688477 654.0183715820312
28.546985626220703 634.5150146484375
28.546985626220703 634.5150146484375
29.157543182373047 675.0935668945312
29.21599578857422 529.5670166015625
29.323833465576172 521.0001831054688
29.86211585998535 505.6949768066406
29.86211585998535 505.6949768066406
30.299909591674805 562.6783447265625
30.299909591674805 562.6783447265625
31.060317993164062 629.03173828125
31.06132698059082 542.6260986328125
31.900949478149414 593.4612426757812
35.08266830444336 576.6455688476562
35.08266830444336 576.6455688476562
35.08266830444336 576.6455688476562
35.21220779418945 616.1018676757812
35.360206604003906 520.7575073242188
35.43538284301758 568.3173217773438
35.72917175292969 527.0513916015625
35.72917175292969 527.0513916015625
35.8938102722168 548.6494140625
35.8938102722168 548.6494140625
36.70252990722656 505.7161865234375
37.029640197753906 600.3176879882812
37.029640197753906 600.3176879882812
37.12202453613281 604.4960327148438
38.15130615234375 736.6672973632812
38.15130615234375 736.6672973632812
38.509971618652344 517.6199951171875
38.7867431640625 574.3092041015625
38.7867431640625 574.3092041015625
39.375301361083984 611.131103515625
39.7003173828125 664.8910522460938
40.05622100830078 553.1805419921875
41.696624755859375 572.3139038085938
41.696624755859375 572.3139038085938
42.003814697265625 605.9105224609375
42.02687454223633 551.017578125
42.3465576171875 645.9950561523438
42.3465576171875 645.9950561523438
42.388877868652344 605.7628173828125
42.6478157043457 672.3169555664062
43.008419036865234 537.0651245117188
43.657264709472656 598.7570190429688
43.657264709472656 598.7570190429688
44.109161376953125 564.42138671875
45.03007125854492 582.3593139648438
45.962284088134766 522.6532592773438
46.76900863647461 594.5445556640625
47.585777282714844 699.257080078125
48.05991744995117 719.20068359375
48.233402252197266 600.4759521484375
48.40865707397461 568.450439453125
48.40865707397461 568.450439453125
48.97651290893555 503.1225280761719
49.88984680175781 592.7874145507812
50.95538330078125 611.7957153320312
52.30680465698242 583.9026489257812
52.30680465698242 583.9026489257812
52.52941131591797 591.41650390625
53.28018569946289 698.523681640625
54.057220458984375 597.2583618164062
54.057220458984375 597.2583618164062
54.057220458984375 597.2583618164062
54.884559631347656 694.5515747070312
54.884559631347656 694.5515747070312
54.884559631347656 694.5515747070312
57.61910629272461 519.5505981445312
58.18561935424805 663.9174194335938
58.21296691894531 583.587646484375
59.74355697631836 594.4135131835938
59.9358024597168 551.6390380859375
60.35170364379883 652.8344116210938
60.45359802246094 601.0936279296875
60.45359802246094 601.0936279296875
60.64944076538086 530.7091064453125
62.86969757080078 575.3292846679688
62.86969757080078 575.3292846679688
63.051639556884766 557.5720825195312
63.59357833862305 621.9756469726562
63.63229751586914 584.7266235351562
63.64866638183594 563.8628540039062
64.34380340576172 535.9738159179688
64.49609375 649.8837890625
64.7838134765625 590.42822265625
65.11943817138672 575.9426879882812
65.11943817138672 575.9426879882812
65.86549377441406 595.0621337890625
66.1366195678711 641.5919189453125
67.00436401367188 600.298583984375
67.23640441894531 547.5767211914062
68.32964324951172 651.0877685546875
68.7939682006836 605.97119140625
68.7939682006836 605.97119140625
68.84538269042969 724.0292358398438
69.19123840332031 636.9379272460938
69.77426147460938 610.4696044921875
70.01835632324219 528.7626342773438
71.9477310180664 579.02783203125
71.9477310180664 579.02783203125
72.18223571777344 597.8992919921875
72.65707397460938 594.062744140625
73.07340240478516 531.5830688476562
73.88933563232422 602.3080444335938
74.22331237792969 633.5831909179688
76.04653930664062 724.63427734375
76.98222351074219 746.2922973632812
77.20079040527344 516.3169555664062
77.30900573730469 633.4729614257812
77.5986557006836 606.1170043945312
78.29678344726562 572.045166015625
79.31178283691406 649.7221069335938
79.92550659179688 566.69921875
80.47416687011719 539.07177734375
81.1612777709961 576.2545776367188
82.85352325439453 608.4681396484375
82.85352325439453 608.4681396484375
83.03953552246094 613.462890625
83.67948150634766 641.5368041992188
84.010498046875 717.5289916992188
84.226318359375 532.55859375
85.1018295288086 649.0645141601562
85.1018295288086 649.0645141601562
85.31417083740234 623.4254760742188
85.41879272460938 568.88720703125
85.41879272460938 568.88720703125
86.05017852783203 633.44091796875
86.57432556152344 609.6490478515625
88.55219268798828 490.8426208496094
88.80147552490234 530.5941772460938
88.80147552490234 530.5941772460938
89.12847137451172 540.233642578125
89.61744689941406 663.7828979492188
89.79246520996094 577.098388671875
89.79246520996094 577.098388671875
90.68862915039062 612.1677856445312
90.68862915039062 612.1677856445312
91.11521911621094 598.982177734375
91.11521911621094 598.982177734375
91.51422882080078 642.5758666992188
91.64866638183594 524.1489868164062
91.84489440917969 599.2180786132812
91.84489440917969 599.2180786132812
93.06473541259766 633.2158813476562
93.45789337158203 610.3864135742188
93.4996337890625 540.2908935546875
93.56065368652344 542.6265869140625
93.71263885498047 651.5084838867188
95.13446807861328 733.8976440429688
95.14784240722656 563.6025390625
95.14784240722656 563.6025390625
95.9092025756836 601.5924072265625
96.14671325683594 544.71826171875
96.5524673461914 540.5047607421875
97.87910461425781 633.0301513671875
98.54560089111328 531.0798950195312
98.54560089111328 531.0798950195312
99.29143524169922 583.0819091796875
101.10493469238281 608.3994140625
101.10493469238281 608.3994140625
104.01544189453125 571.057861328125
104.05300903320312 632.9241943359375
104.89649963378906 626.7777099609375
104.93728637695312 643.5966186523438
105.1202163696289 613.7174682617188
105.16651153564453 683.7507934570312
105.16651153564453 683.7507934570312
105.26116943359375 580.5357666015625
105.45928955078125 601.1614990234375
107.00763702392578 538.376708984375
107.6197738647461 637.0731811523438
107.8830795288086 564.1481323242188
108.46556854248047 701.1500244140625
108.95428466796875 531.2982788085938
108.95428466796875 531.2982788085938
109.02377319335938 640.4161987304688
109.87578582763672 537.249267578125
110.03341674804688 583.026611328125
110.04541015625 612.0728759765625
111.37625122070312 737.2242431640625
111.74580383300781 656.8897094726562
111.74580383300781 656.8897094726562
113.08863067626953 646.3410034179688
113.43626403808594 528.1181030273438
113.4939956665039 547.5410766601562
113.4939956665039 547.5410766601562
113.94718933105469 601.0933837890625
113.94718933105469 601.0933837890625
114.00955963134766 741.51025390625
114.04396057128906 649.23095703125
114.47464752197266 632.4994506835938
115.68231201171875 637.3890380859375
116.06234741210938 532.24755859375
116.58290100097656 733.0530395507812
116.5875244140625 592.5347290039062
118.18766784667969 648.1594848632812
118.25514221191406 603.6995239257812
119.14619445800781 659.7761840820312
120.0400161743164 565.5191650390625
120.0400161743164 565.5191650390625
120.9510498046875 725.4312133789062
122.51593017578125 732.5677490234375
122.51593017578125 732.5677490234375
122.51593017578125 732.5677490234375
122.54251098632812 545.2960205078125
124.18391418457031 649.1716918945312
124.61443328857422 642.4610595703125
124.91300964355469 561.2077026367188
125.06121063232422 583.9258422851562
125.40001678466797 547.4186401367188
125.8194351196289 557.9306640625
125.84709167480469 618.83935546875
126.03840637207031 632.20458984375
126.34276580810547 540.9791870117188
126.40836334228516 521.2095947265625
126.49002075195312 738.4421997070312
126.91873168945312 602.9758911132812
127.05414581298828 609.7991943359375
127.35758209228516 569.1929931640625
127.557861328125 531.9962158203125
129.29989624023438 740.5695190429688
129.29989624023438 740.5695190429688
129.29989624023438 740.5695190429688
129.63534545898438 623.6054077148438
130.17335510253906 599.8577270507812
130.6617889404297 529.5421752929688
131.87371826171875 551.1754150390625
131.87371826171875 551.1754150390625
131.87371826171875 551.1754150390625
133.16311645507812 558.0812377929688
133.32464599609375 599.61279296875
133.4585418701172 636.5859985351562
134.42665100097656 641.9407348632812
134.42665100097656 641.9407348632812
134.43093872070312 611.1489868164062
134.69178771972656 560.6820678710938
135.48226928710938 562.2708129882812
135.70957946777344 540.7223510742188
136.31932067871094 627.31201171875
136.3368682861328 596.2840576171875
136.3368682861328 596.2840576171875
136.56771850585938 573.4122314453125
136.56771850585938 573.4122314453125
137.0688934326172 627.5997924804688
137.91616821289062 718.7890625
138.25192260742188 556.0472412109375
138.25192260742188 556.0472412109375
138.49539184570312 532.20361328125
139.0031280517578 633.1939697265625
139.45240783691406 582.6838989257812
139.6136932373047 592.9159545898438
139.707275390625 543.2677612304688
139.707275390625 543.2677612304688
141.28146362304688 653.5829467773438
141.4259796142578 592.4492797851562
141.74722290039062 575.8285522460938
142.35610961914062 583.8806762695312
143.2262725830078 561.7484130859375
143.26951599121094 525.930419921875
143.27362060546875 602.064697265625
143.4852752685547 588.30615234375
144.274658203125 641.09521484375
144.274658203125 641.09521484375
144.4896240234375 570.0090942382812
144.4896240234375 570.0090942382812
145.41799926757812 636.60205078125
147.50955200195312 582.78857421875
147.72203063964844 715.8970336914062
147.85379028320312 621.4545288085938
148.64651489257812 624.3662109375
148.64651489257812 624.3662109375
148.7624969482422 656.5723266601562
149.05203247070312 528.556884765625
150.66336059570312 636.2994995117188
150.8982391357422 545.629150390625
151.09153747558594 561.9318237304688
151.37814331054688 578.7643432617188
151.9378662109375 526.8814697265625
152.2560577392578 573.6742553710938
152.2560577392578 573.6742553710938
153.05133056640625 640.2696533203125
153.68417358398438 646.2887573242188
153.879150390625 630.0005493164062
153.879150390625 630.0005493164062
154.61244201660156 636.20751953125
157.79592895507812 695.379150390625
157.79592895507812 695.379150390625
157.89598083496094 705.1080322265625
158.5058135986328 635.7451782226562
158.86642456054688 640.0299072265625
160.58187866210938 592.072998046875
160.65689086914062 651.431640625
160.78688049316406 617.5582885742188
160.8152618408203 622.1160888671875
160.88348388671875 592.9006958007812
161.34478759765625 626.6641235351562
162.1571807861328 531.5758666992188
162.39309692382812 597.0259399414062
162.48060607910156 682.5603637695312
162.9954376220703 630.8790283203125
163.5017852783203 738.2651977539062
164.37953186035156 564.033935546875
164.37953186035156 564.033935546875
164.5515594482422 743.4713745117188
164.88848876953125 639.5022583007812
165.5876922607422 635.4985961914062
166.47279357910156 632.1000366210938
166.6879119873047 620.9469604492188
167.3042755126953 529.9391479492188
169.07435607910156 536.8561401367188
169.74827575683594 638.3303833007812
170.81744384765625 544.0234985351562
172.55194091796875 609.3544311523438
174.58314514160156 608.414794921875
175.27796936035156 642.1126708984375
175.55308532714844 652.0066528320312
177.50723266601562 546.7896118164062
178.6262664794922 641.8056030273438
178.9829864501953 622.1135864257812
178.9829864501953 622.1135864257812
179.14439392089844 585.3511352539062
179.56771850585938 553.0825805664062
179.56771850585938 553.0825805664062
181.4778289794922 598.2249145507812
181.72354125976562 630.7426147460938
182.53260803222656 633.9993286132812
182.60064697265625 715.7999267578125
183.16085815429688 630.8763427734375
183.16085815429688 630.8763427734375
183.64463806152344 533.7437133789062
183.6881103515625 589.9142456054688
184.53196716308594 726.665283203125
184.54522705078125 563.4658813476562
184.54522705078125 563.4658813476562
185.0442657470703 609.2974243164062
185.17674255371094 680.781982421875
185.85748291015625 628.6519775390625
186.8442840576172 731.9654541015625
187.70623779296875 715.43896484375
187.8774871826172 611.5148315429688
189.43124389648438 624.3467407226562
190.7342529296875 589.1279907226562
191.36839294433594 711.8187866210938
191.48439025878906 574.6738891601562
192.5572967529297 697.0151977539062
192.58412170410156 580.9110717773438
192.68849182128906 592.3334350585938
192.95687866210938 605.9715576171875
193.205322265625 546.439208984375
193.3929443359375 600.2830810546875
193.3929443359375 600.2830810546875
194.13128662109375 728.4161987304688
194.28504943847656 633.2548217773438
194.94622802734375 602.9142456054688
195.12205505371094 574.9631958007812
195.17291259765625 636.7846069335938
195.42718505859375 623.9490356445312
196.40261840820312 593.939697265625
197.59762573242188 567.3569946289062
200.0012664794922 705.8609619140625
200.62576293945312 549.3403930664062
200.76455688476562 636.0119018554688
202.03636169433594 539.4267578125
202.1063232421875 550.5899047851562
202.9635772705078 620.6213989257812
202.99017333984375 632.3302001953125
203.259521484375 680.1937255859375
204.4173583984375 705.3009033203125
205.0996856689453 555.460693359375
209.348388671875 616.0602416992188
211.5467529296875 646.3945922851562
211.86477661132812 580.6314697265625
211.86477661132812 580.6314697265625
211.90850830078125 613.2798461914062
212.04318237304688 594.2296142578125
215.63914489746094 593.8416748046875
216.4480438232422 633.3764038085938
216.4889373779297 719.4291381835938
217.9298858642578 573.4961547851562
218.6368865966797 549.4002075195312
220.16807556152344 640.75341796875
220.18356323242188 595.8425903320312
220.46534729003906 749.2017822265625
221.4058380126953 669.4559936523438
221.4058380126953 669.4559936523438
222.6800537109375 560.4415893554688
224.14112854003906 609.2997436523438
225.03062438964844 554.8764038085938
226.218017578125 676.766845703125
227.84889221191406 708.4545288085938
228.47857666015625 603.9295654296875
228.61573791503906 631.5797729492188
229.9677276611328 566.5465087890625
230.21493530273438 743.844482421875
230.21493530273438 743.844482421875
230.25253295898438 562.1796264648438
232.10049438476562 627.5264892578125
232.7673797607422 620.5594482421875
232.99029541015625 637.7916259765625
233.90843200683594 573.078857421875
234.38462829589844 627.5471801757812
234.38462829589844 627.5471801757812
234.84841918945312 556.861572265625
236.22459411621094 580.5986938476562
237.86622619628906 597.6754150390625
237.86622619628906 597.6754150390625
238.14625549316406 630.4349365234375
238.7259063720703 567.8919677734375
239.10182189941406 495.14111328125
239.5182342529297 562.1693725585938
241.96484375 632.9008178710938
242.1005859375 645.3330688476562
242.78517150878906 613.2451171875
242.78517150878906 613.2451171875
243.26919555664062 624.5358276367188
244.37420654296875 729.9521484375
244.5147705078125 680.2913818359375
244.5147705078125 680.2913818359375
244.98873901367188 628.0623168945312
245.94993591308594 602.137451171875
245.9633331298828 569.2596435546875
246.04632568359375 665.9873046875
246.2918243408203 622.57421875
246.41162109375 596.6082763671875
247.61428833007812 613.9342041015625
247.61428833007812 613.9342041015625
248.02001953125 631.85888671875
248.18475341796875 605.3720703125
248.96299743652344 571.4102783203125
250.431640625 580.9605102539062
251.52682495117188 524.5847778320312
251.7886962890625 617.798095703125
251.96142578125 628.4904174804688
252.943115234375 621.16015625
254.6150360107422 677.5497436523438
255.69595336914062 532.04736328125
256.6661376953125 604.457763671875
259.4522705078125 626.1544799804688
259.54205322265625 664.947509765625
259.54205322265625 664.947509765625
259.750244140625 577.4686889648438
261.0293273925781 582.3878784179688
261.5382995605469 567.4296875
261.98211669921875 590.5831298828125
262.2290344238281 718.1766357421875
262.2290344238281 718.1766357421875
262.269287109375 604.5230102539062
265.78759765625 631.4646606445312
266.6449279785156 743.625
267.4747009277344 599.6270141601562
267.6412048339844 689.0887451171875
267.6412048339844 689.0887451171875
268.89898681640625 601.0860595703125
268.9662780761719 580.9332275390625
269.08026123046875 629.0401000976562
269.4927062988281 587.6925659179688
270.2976379394531 619.1663818359375
271.292236328125 742.04248046875
271.292236328125 742.04248046875
271.47149658203125 660.7045288085938
271.47149658203125 660.7045288085938
272.2449645996094 625.43359375
272.6744689941406 657.2210083007812
272.6744689941406 657.2210083007812
273.5350036621094 744.9797973632812
273.8824768066406 621.52685546875
273.9555969238281 613.2015991210938
274.3146057128906 577.461181640625
274.5494689941406 686.6049194335938
275.87335205078125 659.90478515625
276.2928771972656 656.2538452148438
276.5206298828125 615.2021484375
277.34124755859375 571.5551147460938
277.4466247558594 595.1821899414062
279.6319580078125 619.5883178710938
279.6319580078125 619.5883178710938
280.0484313964844 663.073974609375
280.8093566894531 634.793701171875
281.1334228515625 733.114501953125
281.509765625 551.2286376953125
282.2928161621094 554.7549438476562
285.1778869628906 594.9099731445312
286.91754150390625 655.4622192382812
287.1700439453125 633.5862426757812
287.1700439453125 633.5862426757812
287.5221252441406 564.2503051757812
287.5221252441406 564.2503051757812
287.8222351074219 559.4209594726562
287.8222351074219 559.4209594726562
287.9288024902344 598.4807739257812
289.10955810546875 623.5734252929688
289.10955810546875 623.5734252929688
289.4501953125 578.3826904296875
289.4501953125 578.3826904296875
289.981201171875 739.8186645507812
289.981201171875 739.8186645507812
290.7591552734375 657.2206420898438
291.262451171875 561.4346313476562
291.262451171875 561.4346313476562
291.9418029785156 619.032470703125
292.182373046875 604.9678344726562
292.6888122558594 566.5962524414062
292.6888122558594 566.5962524414062
292.8468933105469 553.1910400390625
292.9096374511719 589.39453125
293.0850830078125 724.4301147460938
293.0850830078125 724.4301147460938
293.10400390625 583.4348754882812
294.596435546875 629.2802124023438
294.7768859863281 617.603759765625
295.0865783691406 512.9100952148438
295.43841552734375 612.0513916015625
296.181884765625 566.3857421875
297.0410461425781 703.3991088867188
297.2333679199219 626.1642456054688
297.2333679199219 626.1642456054688
298.3884582519531 556.148193359375
300.05419921875 582.8646240234375
300.33966064453125 577.740966796875
300.6224670410156 592.5386352539062
300.8884582519531 573.2010498046875
301.2230529785156 607.3650512695312
301.2276916503906 665.9885864257812
301.3111572265625 565.0470581054688
301.4097595214844 629.1062622070312
301.423095703125 597.9110107421875
302.4334411621094 587.7322387695312
302.97802734375 539.8739013671875
303.5739440917969 507.2681884765625
304.03387451171875 553.5574340820312
304.03387451171875 553.5574340820312
304.5755615234375 535.1453247070312
304.5755615234375 535.1453247070312
304.5981140136719 654.7520751953125
305.6683654785156 565.3148803710938
305.6950378417969 657.4465942382812
305.7751159667969 581.92333984375
305.88427734375 548.707275390625
305.88427734375 548.707275390625
306.532958984375 669.333251953125
307.1190185546875 500.9198303222656
307.2157287597656 519.506591796875
307.47503662109375 668.9757080078125
307.47503662109375 668.9757080078125
307.6638488769531 629.689697265625
307.8092956542969 563.2588500976562
308.4110412597656 595.4485473632812
308.56060791015625 484.974609375
309.5350646972656 553.4564208984375
309.92510986328125 617.7562866210938
309.92510986328125 617.7562866210938
310.5800476074219 630.1387329101562
310.9087219238281 572.1788330078125
311.7865295410156 579.6690673828125
311.9113464355469 498.32568359375
312.7139892578125 515.7891845703125
314.20147705078125 567.1451416015625
314.9051818847656 569.7099609375
315.2973327636719 591.7515869140625
315.47186279296875 557.0234985351562
315.4952087402344 485.57763671875
315.4952087402344 485.57763671875
315.5609130859375 597.9470825195312
316.2891540527344 615.203369140625
316.2891540527344 615.203369140625
316.34417724609375 533.8675537109375
316.4649353027344 610.2553100585938
316.5749206542969 515.6183471679688
316.5749206542969 515.6183471679688
317.11053466796875 547.142578125
317.1452331542969 613.482177734375
318.13397216796875 741.8453369140625
318.5453796386719 494.1270446777344
318.7697448730469 536.0484008789062
318.7697448730469 536.0484008789062
318.9761657714844 652.1292114257812
318.9761657714844 652.1292114257812
319.57537841796875 580.77392578125
319.57537841796875 580.77392578125
319.9425048828125 596.6047973632812
320.37225341796875 559.2780151367188
320.58831787109375 504.5025939941406
320.7851257324219 483.45294189453125
320.87744140625 540.09619140625
321.8433837890625 498.4364013671875
321.8433837890625 498.4364013671875
321.94866943359375 477.8421630859375
322.0501708984375 544.0430908203125
322.39129638671875 557.27392578125
322.91290283203125 566.0924682617188
322.91290283203125 566.0924682617188
323.6515808105469 485.6749572753906
323.9692077636719 620.6192016601562
324.0299072265625 542.2393798828125
324.81365966796875 515.54052734375
324.81365966796875 515.54052734375
325.0121765136719 538.8804321289062
325.3320007324219 545.1656494140625
325.3505859375 494.2097473144531
325.4322204589844 616.0768432617188
325.5184020996094 546.7109375
325.87109375 553.90869140625
326.1015625 625.0547485351562
327.3002014160156 471.6817626953125
327.3376770019531 536.6892700195312
327.82659912109375 533.7169799804688
327.9325256347656 590.8402099609375
328.1137390136719 558.2843627929688
328.5962829589844 504.3973388671875
329.51715087890625 485.5192565917969
329.51715087890625 485.5192565917969
329.86962890625 603.1671142578125
330.170654296875 498.5170593261719
330.5009460449219 579.1403198242188
330.7119445800781 550.1245727539062
330.91937255859375 471.9385070800781
331.5103454589844 535.5015869140625
331.5103454589844 535.5015869140625
332.1827087402344 558.1463012695312
332.1827087402344 558.1463012695312
332.4071044921875 463.7641296386719
333.0433654785156 494.78485107421875
333.51300048828125 625.2860107421875
333.8682861328125 621.4908447265625
334.5787658691406 560.1517944335938
334.70184326171875 590.2713012695312
335.19598388671875 529.1640014648438
335.19598388671875 529.1640014648438
335.3506164550781 546.7352294921875
336.0570983886719 536.2750854492188
336.06243896484375 594.4442138671875
336.48809814453125 483.9078369140625
336.4896240234375 483.6584167480469
336.7194519042969 459.1773681640625
336.7194519042969 459.1773681640625
336.930908203125 463.879150390625
337.0010070800781 524.8093872070312
337.1593017578125 619.334716796875
337.1593017578125 619.334716796875
337.1593017578125 619.334716796875
337.1824035644531 488.1445617675781
337.3009338378906 607.82763671875
338.1285705566406 498.34930419921875
338.1285705566406 498.34930419921875
338.43170166015625 604.018798828125
338.5229187011719 427.3887023925781
338.53692626953125 520.7581787109375
338.53692626953125 520.7581787109375
338.5417175292969 588.8678588867188
339.0538024902344 443.4966735839844
339.135986328125 625.0020141601562
339.21319580078125 454.7047424316406
340.3604736328125 506.539306640625
340.3904724121094 735.914794921875
340.78216552734375 430.9239196777344
340.94183349609375 642.6578979492188
340.94183349609375 642.6578979492188
341.1637268066406 522.666748046875
341.3836669921875 526.5206909179688
341.417236328125 533.3239135742188
341.417236328125 533.3239135742188
341.5479431152344 494.09100341796875
341.7872314453125 615.0335693359375
341.7872314453125 615.0335693359375
341.79052734375 437.6820068359375
342.2049560546875 480.4893493652344
342.2049560546875 480.4893493652344
342.26788330078125 457.075439453125
342.6318664550781 443.6741943359375
342.66668701171875 476.0965576171875
343.2625427246094 535.937744140625
343.6844177246094 618.456298828125
343.78240966796875 409.9808654785156
343.78240966796875 409.9808654785156
344.0401611328125 730.28564453125
344.2752685546875 449.6673889160156
344.7900390625 524.458984375
344.7900390625 524.458984375
344.8467102050781 504.3628234863281
345.0406494140625 515.7587280273438
345.10540771484375 643.3389892578125
345.3442687988281 619.8056640625
345.3690185546875 543.467529296875
345.5687255859375 548.7542724609375
345.5687255859375 548.7542724609375
346.003662109375 417.733154296875
346.13250732421875 737.5078125
346.33612060546875 498.3959045410156
346.33612060546875 498.3959045410156
346.5892639160156 408.4066467285156
346.616943359375 389.58477783203125
346.616943359375 389.58477783203125
346.86712646484375 469.6016540527344
346.9181823730469 531.2405395507812
347.1311340332031 490.10687255859375
347.48248291015625 420.091552734375
347.8769836425781 645.1502075195312
348.05938720703125 434.814208984375
348.2001953125 455.09271240234375
348.22222900390625 581.9134521484375
348.22222900390625 581.9134521484375
348.22222900390625 581.9134521484375
348.6302490234375 526.8892211914062
348.6302490234375 526.8892211914062
348.6302490234375 526.8892211914062
348.931884765625 428.8828125
348.99847412109375 588.348876953125
349.1707763671875 440.99078369140625
349.1707763671875 440.99078369140625
349.19622802734375 515.79931640625
349.19622802734375 515.79931640625
349.8811950683594 585.1424560546875
349.9994201660156 460.3963623046875
350.2381896972656 546.242919921875
350.80621337890625 448.0844421386719
351.1539306640625 493.1620178222656
351.3392333984375 593.1190795898438
351.3753967285156 589.6502685546875
351.3753967285156 589.6502685546875
351.526611328125 587.2450561523438
351.526611328125 587.2450561523438
351.5757751464844 524.1278076171875
351.94403076171875 416.2045593261719
351.9572448730469 462.7226867675781
352.0242614746094 455.54119873046875
352.5008850097656 405.3635559082031
352.7052307128906 583.9324951171875
353.0931091308594 554.21435546875
353.3034362792969 515.5980834960938
353.4062805175781 611.2994384765625
353.4477233886719 398.1130676269531
353.7469177246094 607.1485595703125
354.1440734863281 618.655029296875
354.1617431640625 498.2051696777344
354.1617431640625 498.2051696777344
354.2463684082031 472.3921203613281
354.4772033691406 614.8674926757812
354.8364562988281 639.59912109375
354.91217041015625 402.22357177734375
354.91217041015625 402.22357177734375
354.9403991699219 525.7055053710938
354.96649169921875 608.3521728515625
355.29803466796875 368.03033447265625
355.29803466796875 368.03033447265625
355.839111328125 633.7474975585938
356.0184326171875 627.6800537109375
356.0184326171875 627.6800537109375
356.0184326171875 627.6800537109375
356.2415466308594 603.3560791015625
357.066650390625 422.32257080078125
357.0846252441406 410.23529052734375
357.0846252441406 410.23529052734375
357.1223449707031 377.1724853515625
357.1310119628906 495.01080322265625
357.27996826171875 515.6507568359375
357.27996826171875 515.6507568359375
357.3804016113281 617.8182983398438
357.7597961425781 523.3848876953125
357.7597961425781 523.3848876953125
357.8653869628906 415.8566589355469
358.22222900390625 582.822265625
358.87677001953125 427.3953552246094
358.8947448730469 384.2178649902344
358.9244384765625 544.3192138671875
359.0022888183594 395.7790222167969
359.1173095703125 451.2676086425781
359.20819091796875 418.3448181152344
359.5228576660156 550.0625610351562
359.5856628417969 437.0198059082031
360.334228515625 386.49542236328125
360.5647888183594 592.13037109375
360.6712341308594 345.8340148925781
360.72698974609375 482.9819030761719
360.72698974609375 482.9819030761719
360.82440185546875 504.48040771484375
360.9398193359375 620.4832153320312
361.0128479003906 341.03497314453125
361.4814453125 515.55126953125
361.4891662597656 535.1146240234375
361.58831787109375 353.0777282714844
361.59356689453125 402.00384521484375
361.8310241699219 635.797607421875
361.8310241699219 635.797607421875
361.8641662597656 317.5210266113281
361.8981628417969 643.4592895507812
361.8981628417969 643.4592895507812
362.07794189453125 543.3142700195312
362.1061706542969 641.369873046875
362.1680603027344 363.51776123046875
362.18572998046875 498.22332763671875
362.19384765625 383.9998474121094
362.4674377441406 328.94183349609375
362.68267822265625 419.1348571777344
362.7013854980469 405.2950439453125
362.83648681640625 359.5123596191406
362.9223937988281 431.1109924316406
363.5524597167969 397.9462585449219
363.6358337402344 374.40338134765625
363.651123046875 548.5662841796875
363.6880187988281 669.46240234375
363.7527160644531 604.2203979492188
364.0802001953125 646.5357055664062
364.3229064941406 614.6452026367188
364.3763122558594 593.497802734375
364.39544677734375 348.5369873046875
364.4900817871094 587.9794921875
364.5898742675781 478.57379150390625
364.6080627441406 318.6694030761719
364.9581298828125 601.97216796875
364.9602355957031 368.045166015625
365.1004943847656 161.6362762451172
365.2208251953125 378.1185302734375
365.2244873046875 477.8492126464844
365.2627258300781 748.4131469726562
365.407958984375 516.1978759765625
365.407958984375 516.1978759765625
365.4750671386719 523.7686767578125
365.47637939453125 293.6517333984375
365.49951171875 747.44189453125
366.0981140136719 342.54522705078125
366.0981140136719 342.54522705078125
367.08270263671875 243.15576171875
367.22955322265625 617.8781127929688
367.4639892578125 406.3302917480469
367.5014953613281 326.6240234375
367.52294921875 525.8085327148438
367.88250732421875 230.6378631591797
367.88250732421875 230.6378631591797
368.0 690.1275024414062
368.0068359375 608.006591796875
368.040771484375 543.8712158203125
368.1076354980469 152.17430114746094
368.11810302734375 586.53662109375
368.3829650878906 163.0813446044922
368.3829650878906 163.0813446044922
368.4072265625 423.0367126464844
368.60528564453125 219.11080932617188
368.7369689941406 734.0962524414062
368.93310546875 309.95843505859375
368.93310546875 309.95843505859375
369.0207214355469 294.7576599121094
369.5796203613281 515.5559692382812
369.5796203613281 515.5559692382812
369.9007263183594 676.0322265625
369.9007263183594 676.0322265625
369.9007263183594 676.0322265625
369.9027099609375 138.31201171875
370.17120361328125 498.1338806152344
370.2932434082031 214.00897216796875
370.4064025878906 309.1773986816406
370.8390197753906 432.7654113769531
370.8922119140625 324.183349609375
371.64459228515625 269.0427551269531
371.74493408203125 601.5388793945312
371.88189697265625 282.7154541015625
371.9186096191406 267.8654479980469
371.9186096191406 267.8654479980469
372.0480041503906 146.87469482421875
372.0980224609375 571.6049194335938
372.16632080078125 523.1906127929688
372.3288879394531 523.135986328125
372.38037109375 254.0885467529297
372.38037109375 254.0885467529297
372.41632080078125 270.96087646484375
372.4400634765625 620.4871215820312
372.5121154785156 368.85369873046875
372.5121154785156 368.85369873046875
372.6556091308594 241.22105407714844
372.6556091308594 241.22105407714844
372.8565673828125 592.577392578125
372.958251953125 640.9635009765625
373.0740966796875 217.69137573242188
373.0740966796875 217.69137573242188
373.1956787109375 527.2871704101562
373.2112121582031 250.70277404785156
373.36541748046875 554.1796875
373.3904724121094 227.95849609375
373.39111328125 283.76446533203125
373.47198486328125 207.15234375
373.4805603027344 623.1843872070312
373.53826904296875 213.85328674316406
373.61553955078125 516.0027465820312
373.61553955078125 516.0027465820312
373.75225830078125 204.05601501464844
373.7953796386719 397.7952575683594
373.8036193847656 219.23947143554688
373.8193664550781 208.93678283691406
373.9004211425781 329.0713806152344
373.90069580078125 203.75845336914062
374.0158996582031 201.0714874267578
374.0158996582031 201.0714874267578
374.02008056640625 287.89373779296875
374.02008056640625 287.89373779296875
374.20477294921875 731.3501586914062
374.219482421875 198.66046142578125
374.2591857910156 189.64028930664062
374.2842102050781 404.9750061035156
374.3677978515625 181.30731201171875
374.3771667480469 350.6803894042969
374.6242980957031 173.65174865722656
374.8296203613281 309.10003662109375
374.922119140625 426.8899230957031
375.2236022949219 161.6044921875
375.2236022949219 161.6044921875
375.6296691894531 293.6422424316406
375.6296691894531 293.6422424316406
375.6682434082031 334.1117858886719
375.6682434082031 334.1117858886719
375.7035217285156 377.6265869140625
375.7035217285156 377.6265869140625
376.3551330566406 383.40716552734375
376.3614196777344 616.8182983398438
376.435546875 278.1062316894531
376.435546875 278.1062316894531
376.8284912109375 504.5301208496094
376.8284912109375 504.5301208496094
376.834716796875 366.6716613769531
376.9830017089844 214.0856170654297
377.02459716796875 596.5490112304688
377.0557861328125 237.3750762939453
377.1097717285156 317.7237854003906
377.112060546875 203.91416931152344
377.112060546875 203.91416931152344
377.2640075683594 601.2050170898438
377.5623474121094 349.540283203125
377.7209167480469 515.5897216796875
377.84417724609375 120.54096221923828
377.876953125 127.45010375976562
377.876953125 127.45010375976562
377.88897705078125 301.0224304199219
378.0917053222656 622.7593994140625
378.1394348144531 498.094482421875
378.3749084472656 535.0355834960938
378.53131103515625 307.0289001464844
378.5622253417969 104.2709732055664
378.80859375 166.2171173095703
378.8716125488281 173.2831573486328
378.9029235839844 526.90966796875
378.918212890625 270.92718505859375
378.918212890625 270.92718505859375
378.9515686035156 181.39892578125
378.9515686035156 181.39892578125
379.0031433105469 189.8346405029297
379.0031433105469 189.8346405029297
379.1654968261719 208.9307403564453
379.42620849609375 336.0385437011719
379.42620849609375 336.0385437011719
379.457763671875 243.10105895996094
379.457763671875 243.10105895996094
379.6271057128906 270.52813720703125
379.6271057128906 270.52813720703125
379.71600341796875 285.7929992675781
379.80999755859375 291.4876403808594
379.80999755859375 291.4876403808594
379.9122314453125 593.513671875
379.9122314453125 593.513671875
379.9774169921875 302.0462951660156
380.0885925292969 264.1809387207031
380.1147766113281 314.3682861328125
380.1147766113281 314.3682861328125
380.327392578125 402.55487060546875
380.44476318359375 494.0595397949219
380.44476318359375 494.0595397949219
380.61553955078125 374.4660339355469
380.61553955078125 374.4660339355469
380.70587158203125 423.04583740234375
380.70587158203125 423.04583740234375
380.8333435058594 429.3757629394531
381.026611328125 410.04315185546875
381.0443420410156 365.8929443359375
381.0443420410156 365.8929443359375
381.1280517578125 395.0596923828125
381.2210998535156 214.52908325195312
381.4607238769531 460.4153137207031
381.4607238769531 460.4153137207031
381.5965881347656 353.65985107421875
381.66485595703125 224.9353790283203
381.6889953613281 237.4492950439453
381.7842712402344 534.9300537109375
381.7842712402344 534.9300537109375
381.7842712402344 534.9300537109375
381.7842712402344 534.9300537109375
381.8811950683594 280.9703674316406
381.9676818847656 250.09262084960938
382.03912353515625 523.0748291015625
382.3187561035156 152.0200653076172
382.51226806640625 349.12353515625
382.6949768066406 558.7264404296875
382.8793640136719 638.2723388671875
382.88189697265625 158.15687561035156
382.9521179199219 262.9008483886719
382.9781799316406 317.6775817871094
382.9781799316406 317.6775817871094
383.0227355957031 173.01840209960938
383.0523376464844 617.0663452148438
383.14959716796875 581.44091796875
383.14959716796875 581.44091796875
383.3711242675781 181.44015502929688
383.4682922363281 632.1331176757812
383.82598876953125 189.5803680419922
384.4252624511719 206.9136199951172
384.60076904296875 333.98455810546875
384.6844482421875 254.68154907226562
384.8170471191406 527.2490234375
384.86163330078125 217.4038848876953
384.86163330078125 217.4038848876953
384.92608642578125 241.0067138671875
384.94677734375 432.702880859375
384.99249267578125 307.969970703125
385.1163024902344 740.0167846679688
385.1163024902344 740.0167846679688
385.1349792480469 228.52301025390625
385.4717102050781 523.4718627929688
385.51153564453125 245.8853302001953
385.51153564453125 245.8853302001953
385.51153564453125 245.8853302001953
385.7240905761719 293.2730407714844
385.846435546875 250.64561462402344
385.85919189453125 515.4818725585938
386.0538330078125 624.4600830078125
386.1084899902344 299.084228515625
386.1084899902344 299.084228515625
386.21282958984375 498.09112548828125
386.30413818359375 350.76885986328125
386.364501953125 324.00897216796875
386.46734619140625 596.385009765625
386.46734619140625 596.385009765625
386.6198425292969 173.0061798095703
386.90350341796875 282.4349670410156
386.90350341796875 282.4349670410156
386.9040222167969 426.8393859863281
386.9498596191406 405.03302001953125
386.9638977050781 384.3252868652344
387.02783203125 397.9483947753906
387.2619323730469 138.503173828125
387.4152526855469 377.7331848144531
387.45977783203125 314.3717956542969
387.80499267578125 748.4987182617188
387.9930725097656 346.4840393066406
388.25341796875 622.5999755859375
388.2872009277344 277.90087890625
388.3371887207031 368.6857604980469
388.3640441894531 151.38623046875
388.40179443359375 273.1030578613281
388.431396484375 198.80653381347656
388.431396484375 198.80653381347656
388.4927062988281 320.701171875
388.822998046875 314.1131286621094
389.0260925292969 208.67115783691406
389.0615539550781 300.6133728027344
389.277587890625 162.0826873779297
389.277587890625 162.0826873779297
389.870849609375 294.10638427734375
389.9886779785156 516.3067626953125
389.9886779785156 516.3067626953125
389.9999694824219 309.5096435546875
389.9999694824219 309.5096435546875
390.0625305175781 522.9967041015625
390.31951904296875 309.93853759765625
390.6752624511719 401.281005859375
390.7249755859375 230.69613647460938
390.7249755859375 230.69613647460938
390.85443115234375 432.6022644042969
391.345703125 614.8657836914062
391.525146484375 692.9002075195312
391.60009765625 326.1142883300781
391.6622619628906 242.94288635253906
392.30712890625 161.05496215820312
392.3959045410156 157.41830444335938
392.6659240722656 621.3053588867188
392.66851806640625 607.9658203125
392.7383117675781 591.2909545898438
393.0769958496094 601.29736328125
393.09332275390625 584.2893676757812
393.62677001953125 270.1878662109375
393.62677001953125 270.1878662109375
393.6799621582031 708.6787109375
393.9337158203125 515.410888671875
393.9337158203125 515.410888671875
394.3019104003906 383.8611755371094
394.4491882324219 498.0179138183594
394.81622314453125 323.0888366699219
394.8583068847656 371.330078125
395.1986083984375 525.7857055664062
395.2381591796875 386.54180908203125
395.24261474609375 435.77813720703125
395.24261474609375 435.77813720703125
395.333740234375 543.1740112304688
395.40374755859375 635.1814575195312
395.79083251953125 597.5438232421875
395.9781494140625 616.36376953125
395.9781494140625 616.36376953125
396.1156005859375 387.08575439453125
396.2630920410156 527.7205200195312
396.386962890625 300.8367004394531
396.67095947265625 586.5717163085938
396.67095947265625 586.5717163085938
396.6715087890625 488.83209228515625
397.13214111328125 609.0501098632812
397.1643981933594 326.548583984375
397.48931884765625 397.7592468261719
397.5758972167969 494.99908447265625
397.7790222167969 359.0586853027344
397.94488525390625 621.6155395507812
398.0081787109375 626.3160400390625
398.0285339355469 515.1257934570312
398.0285339355469 515.1257934570312
398.05535888671875 317.46734619140625
398.3249816894531 523.4498901367188
398.5340881347656 405.1365661621094
398.5340881347656 405.1365661621094
398.9458923339844 492.1209411621094
399.3557434082031 431.0072326660156
399.3775329589844 419.36767578125
399.5865173339844 686.8206787109375
399.9344482421875 587.4522094726562
400.082763671875 333.8450622558594
401.1942138671875 602.884765625
401.3260192871094 370.86468505859375
401.3260192871094 370.86468505859375
401.38232421875 528.9508056640625
401.6639404296875 422.5893249511719
401.6639404296875 422.5893249511719
401.76422119140625 482.6969909667969
401.9070739746094 395.4444580078125
402.020263671875 458.6767883300781
402.0935974121094 515.3072509765625
402.0935974121094 515.3072509765625
402.3775939941406 498.0580139160156
402.436767578125 617.181640625
402.4743347167969 350.7738952636719
402.5028991699219 640.29541015625
402.8079833984375 463.6414489746094
402.8664245605469 473.7740173339844
403.5428161621094 732.0045166015625
403.5936584472656 377.985595703125
403.8580017089844 451.1840515136719
404.04974365234375 438.7354736328125
404.4259033203125 406.5689392089844
404.5374450683594 431.8504943847656
404.5816650390625 425.55377197265625
404.81170654296875 470.6990661621094
404.89959716796875 410.04119873046875
404.89959716796875 410.04119873046875
404.93798828125 560.5343017578125
404.93798828125 560.5343017578125
404.9610595703125 563.5689086914062
404.9610595703125 563.5689086914062
404.98394775390625 444.7522888183594
405.439208984375 606.1336669921875
405.439208984375 606.1336669921875
405.56268310546875 599.0995483398438
405.56268310546875 599.0995483398438
405.5807189941406 527.4575805664062
405.60748291015625 368.3166809082031
405.97833251953125 522.9437866210938
405.97833251953125 522.9437866210938
406.2379455566406 515.6581420898438
406.2379455566406 515.6581420898438
406.6523742675781 539.714599609375
406.7564697265625 552.3746948242188
407.6259765625 397.65826416015625
407.6259765625 397.65826416015625
407.84210205078125 618.0176391601562
408.444580078125 577.6996459960938
408.4459533691406 569.7879638671875
408.46099853515625 458.5521545410156
408.4816589355469 588.0474243164062
408.69158935546875 404.9862976074219
408.9009704589844 614.2655639648438
408.936279296875 471.9952087402344
408.96685791015625 525.4158935546875
408.96685791015625 525.4158935546875
409.08416748046875 504.3032531738281
409.14398193359375 606.8681640625
409.2126770019531 559.9226684570312
409.2391357421875 504.48785400390625
409.2391357421875 504.48785400390625
409.41717529296875 581.9961547851562
409.5375061035156 415.8174743652344
409.7462158203125 738.38818359375
410.1969909667969 515.260009765625
410.4452819824219 497.93914794921875
410.4452819824219 497.93914794921875
410.6570739746094 485.1579895019531
410.9168395996094 394.9900207519531
411.1078186035156 741.5352172851562
411.1256103515625 482.6032409667969
411.894775390625 586.7015991210938
411.894775390625 586.7015991210938
411.9983825683594 523.6361083984375
412.1623840332031 492.9006652832031
412.1971740722656 379.21746826171875
412.3695068359375 417.5265197753906
412.3695068359375 417.5265197753906
412.5558166503906 456.7341003417969
412.5558166503906 456.7341003417969
412.63232421875 428.23162841796875
412.6470642089844 533.137451171875
412.83868408203125 610.1365356445312
412.9686584472656 644.33203125
413.41650390625 545.5707397460938
413.41650390625 545.5707397460938
413.5685729980469 494.8515319824219
413.9036865234375 646.599609375
414.25006103515625 434.311767578125
414.4305725097656 454.3706970214844
414.9129943847656 447.43115234375
414.9692077636719 589.0313110351562
415.0079650878906 389.4810485839844
415.0622253417969 623.1355590820312
415.1341552734375 526.2816162109375
415.1341552734375 526.2816162109375
415.1341552734375 526.2816162109375
415.3849792480469 418.21807861328125
415.9052734375 555.4205322265625
416.58740234375 413.4034118652344
416.92315673828125 530.5386962890625
416.92315673828125 530.5386962890625
417.2330017089844 504.2994384765625
417.2330017089844 504.2994384765625
417.3922424316406 541.864013671875
417.7390441894531 494.118408203125
417.868408203125 409.4806823730469
417.868408203125 409.4806823730469
418.11993408203125 548.1156005859375
418.11993408203125 548.1156005859375
418.11993408203125 548.1156005859375
418.1216125488281 630.9945068359375
418.33563232421875 515.1835327148438
418.4393310546875 419.11029052734375
418.46722412109375 498.0262145996094
418.5576171875 662.6527709960938
418.76226806640625 523.8758544921875
419.2396545410156 443.7386474609375
419.63751220703125 439.10211181640625
419.920166015625 584.1038818359375
419.920166015625 584.1038818359375
420.0498046875 455.53692626953125
420.0498046875 455.53692626953125
420.8471374511719 435.9188232421875
421.58428955078125 467.30389404296875
421.58428955078125 467.30389404296875
421.58428955078125 467.30389404296875
421.8321838378906 493.81341552734375
421.8392639160156 536.0968017578125
422.18829345703125 526.0225219726562
422.18829345703125 526.0225219726562
422.2789001464844 532.9020385742188
422.2789001464844 532.9020385742188
422.416748046875 522.0178833007812
422.416748046875 522.0178833007812
423.05181884765625 659.5407104492188
423.1261901855469 514.3705444335938
423.5233459472656 428.7198791503906
423.6020812988281 536.4723510742188
423.9488830566406 626.8870849609375
424.49212646484375 587.5326538085938
424.5655212402344 437.7505187988281
424.71795654296875 613.4353637695312
424.81024169921875 617.0953979492188
424.9919128417969 520.0819702148438
425.0508117675781 482.5419616699219
425.56103515625 489.4241638183594
425.8265075683594 622.7575073242188
425.85491943359375 463.2221374511719
425.93304443359375 458.275634765625
426.19378662109375 493.91302490234375
426.4591369628906 596.7559204101562
426.61737060546875 524.1146850585938
426.61737060546875 524.1146850585938
426.7030029296875 497.9457702636719
427.1373291015625 476.0568542480469
427.1373291015625 476.0568542480469
427.7247009277344 557.2692260742188
427.8991394042969 535.436767578125
427.8991394042969 535.436767578125
427.96197509765625 601.3943481445312
428.3019104003906 528.6016235351562
428.3019104003906 528.6016235351562
428.61895751953125 662.7274780273438
430.9298400878906 635.6280517578125
431.4273986816406 624.288330078125
431.5805358886719 476.4998474121094
431.60455322265625 624.2808227539062
431.7505798339844 457.9286804199219
432.2192077636719 534.5477905273438
432.2192077636719 534.5477905273438
432.2674865722656 620.1328125
432.2674865722656 620.1328125
432.41412353515625 493.8322448730469
432.9151611328125 585.7363891601562
432.9363708496094 595.3888549804688
433.4564514160156 542.2216796875
433.4564514160156 542.2216796875
433.4564514160156 542.2216796875
433.4643249511719 583.28515625
433.646728515625 478.0340270996094
433.646728515625 478.0340270996094
434.7001953125 498.0029296875
435.2165832519531 742.4913330078125
435.41278076171875 471.37042236328125
435.5374755859375 569.8485107421875
435.7862243652344 554.3968505859375
435.92822265625 532.5689086914062
436.6172180175781 607.2059326171875
436.8366394042969 621.3897705078125
437.3424072265625 485.5321960449219
437.43084716796875 620.7183227539062
438.0093994140625 493.6578674316406
438.5857238769531 545.7446899414062
438.6673278808594 514.4270629882812
438.6673278808594 514.4270629882812
438.8507995605469 587.3193969726562
439.4986267089844 569.568359375
439.5896301269531 477.7185974121094
440.8836364746094 614.9065551757812
441.0188293457031 489.7226867675781
441.0653381347656 503.74310302734375
441.0836181640625 624.3919677734375
441.4672546386719 617.7422485351562
441.97015380859375 493.8853759765625
442.1145935058594 556.290771484375
442.57928466796875 685.2979736328125
442.84405517578125 497.9893798828125
442.8742980957031 538.738525390625
443.04852294921875 565.7616577148438
443.39666748046875 514.6397094726562
443.50238037109375 579.6436767578125
444.2399597167969 586.0066528320312
444.4588928222656 619.270263671875
445.0128479003906 493.66363525390625
445.0128479003906 493.66363525390625
445.5185241699219 726.3636474609375
445.6346130371094 659.8710327148438
446.0710754394531 536.060791015625
446.165771484375 628.3869018554688
446.168701171875 536.0292358398438
446.168701171875 536.0292358398438
446.52239990234375 573.082763671875
446.8963928222656 677.9359741210938
447.56494140625 539.78369140625
447.56494140625 539.78369140625
447.6826171875 618.8433227539062
447.7734069824219 528.1648559570312
448.4350280761719 532.8308715820312
448.71173095703125 524.7157592773438
448.8097839355469 555.488525390625
448.8152160644531 548.1988525390625
448.86334228515625 503.4969177246094
449.0003356933594 660.9378662109375
449.7532958984375 595.4240112304688
450.0376281738281 714.09814453125
450.32098388671875 514.5704956054688
450.44073486328125 615.8466796875
450.9938659667969 528.8145751953125
451.68206787109375 497.5943908691406
451.85150146484375 571.733154296875
452.37469482421875 624.8677978515625
452.52850341796875 550.0375366210938
453.0089416503906 536.9393920898438
453.6343994140625 745.6178588867188
453.9259033203125 522.0238647460938
454.1365966796875 484.26397705078125
454.6903076171875 588.3447875976562
455.46826171875 499.5040588378906
455.7275085449219 488.6324768066406
456.58734130859375 568.5216064453125
456.6331787109375 600.8941040039062
457.47100830078125 550.5464477539062
457.47100830078125 550.5464477539062
457.90252685546875 564.3954467773438
457.90252685546875 564.3954467773438
457.99566650390625 511.6216735839844
458.07611083984375 537.4144287109375
458.07611083984375 537.4144287109375
458.0945129394531 522.5208740234375
458.27978515625 628.6057739257812
458.5867614746094 681.6128540039062
458.69696044921875 579.3341674804688
458.7099609375 533.4839477539062
458.8408203125 726.1691284179688
458.8408203125 726.1691284179688
458.8408203125 726.1691284179688
459.87176513671875 585.5463256835938
460.07843017578125 716.2874755859375
460.07843017578125 716.2874755859375
460.1822204589844 517.6843872070312
460.6656799316406 563.4920654296875
460.93170166015625 538.0117797851562
461.47882080078125 570.814208984375
461.561767578125 617.2401123046875
462.346923828125 677.3046875
463.7792053222656 556.4764404296875
463.8199157714844 649.6495971679688
463.96527099609375 539.04248046875
464.1150817871094 730.6036376953125
464.1150817871094 730.6036376953125
464.45855712890625 626.161376953125
464.45855712890625 626.161376953125
464.6138610839844 575.9151000976562
465.0438537597656 581.5782470703125
465.5043029785156 620.423828125
465.64892578125 561.3483276367188
466.0782165527344 672.9302978515625
466.5541687011719 669.0478515625
467.1017150878906 587.8973388671875
467.525390625 565.8403930664062
467.9364318847656 630.1550903320312
469.0184326171875 596.0665283203125
469.8130798339844 554.9176025390625
469.8959655761719 577.9202880859375
471.2171630859375 593.4932250976562
471.2171630859375 593.4932250976562
472.19744873046875 624.1448364257812
473.193603515625 532.8897094726562
473.2493896484375 572.4798583984375
473.72918701171875 586.172607421875
473.72918701171875 586.172607421875
474.117431640625 563.679443359375
474.3267822265625 650.7879638671875
474.3267822265625 650.7879638671875
474.6846618652344 698.4309692382812
476.0458068847656 562.4920043945312
476.1478271484375 544.16943359375
476.2252197265625 647.3971557617188
476.2370300292969 578.1862182617188
476.3710021972656 648.1979370117188
476.830322265625 616.10888671875
477.4116516113281 608.8834228515625
478.2030334472656 556.21728515625
479.3179931640625 563.3756103515625
479.3179931640625 563.3756103515625
479.9268798828125 582.812255859375
480.5169372558594 683.4751586914062
482.0672912597656 678.4147338867188
482.0672912597656 678.4147338867188
482.2001953125 621.4437866210938
482.80804443359375 617.8231811523438
484.3186340332031 580.5498657226562
484.4666748046875 645.9812622070312
485.5966491699219 621.5873413085938
486.1660461425781 585.4073486328125
486.73260498046875 599.1162109375
487.1393127441406 638.2406005859375
487.5388488769531 586.4566650390625
487.8094787597656 670.655517578125
487.9036865234375 603.8915405273438
488.77166748046875 623.1378784179688
489.880859375 590.0601196289062
490.4752502441406 604.4486083984375
490.97747802734375 628.4851684570312
490.97747802734375 628.4851684570312
491.6683349609375 669.506103515625
491.6683349609375 669.506103515625
491.95294189453125 583.326904296875
494.0826721191406 651.6089477539062
494.1231384277344 654.1331176757812
494.1231384277344 654.1331176757812
495.462646484375 649.039306640625
495.5727233886719 566.4796752929688
495.60107421875 629.370849609375
496.111572265625 660.966064453125
496.111572265625 660.966064453125
496.91455078125 570.7867431640625
497.2706298828125 576.0616455078125
497.337890625 744.0565185546875
497.337890625 744.0565185546875
498.7334289550781 574.1767578125
500.5081481933594 625.98681640625
501.116455078125 672.27392578125
501.116455078125 672.27392578125
502.26531982421875 634.790771484375
502.963134765625 565.5515747070312
504.3631896972656 597.10107421875
504.87066650390625 558.8883056640625
505.5706481933594 659.9240112304688
506.1313171386719 718.373046875
506.1313171386719 718.373046875
506.19964599609375 619.537841796875
506.7876892089844 605.059326171875
506.7876892089844 605.059326171875
507.4627380371094 628.8291625976562
508.0984802246094 617.3156127929688
509.60321044921875 569.0339965820312
510.9136657714844 622.9631958007812
511.6064453125 606.9402465820312
512.0658569335938 664.6739501953125
513.4273071289062 633.4702758789062
514.0113525390625 679.423095703125
514.0113525390625 679.423095703125
514.98828125 734.2020874023438
515.0657958984375 556.0469970703125
515.6932983398438 582.4028930664062
515.7520141601562 568.4177856445312
516.313232421875 557.4761962890625
518.0818481445312 565.6865234375
518.783935546875 698.78515625
519.1522216796875 594.8484497070312
520.9286499023438 573.1729736328125
521.534423828125 557.5384521484375
521.812255859375 585.8084106445312
521.904296875 661.5430297851562
521.904296875 661.5430297851562
523.1435546875 653.8294677734375
523.1435546875 653.8294677734375
523.7835083007812 613.977294921875
524.5341186523438 692.7835693359375
524.5341186523438 692.7835693359375
524.91748046875 656.4536743164062
525.1432495117188 575.56787109375
525.1432495117188 575.56787109375
525.5029296875 711.6503295898438
525.9586791992188 590.5494995117188
527.0681762695312 674.9456176757812
527.0681762695312 674.9456176757812
527.1047973632812 602.171142578125
527.7152709960938 662.511962890625
528.0238647460938 631.7203979492188
528.0523071289062 722.2593383789062
528.2814331054688 559.8638305664062
529.2788696289062 553.0115966796875
530.3773193359375 641.6907958984375
530.511962890625 587.7888793945312
530.511962890625 587.7888793945312
530.9197387695312 614.9718017578125
532.2581787109375 581.9288330078125
532.2581787109375 581.9288330078125
532.4512939453125 600.4904174804688
532.5360717773438 554.3468627929688
532.5360717773438 554.3468627929688
533.3348999023438 506.8618469238281
533.4547729492188 675.5548095703125
533.9552001953125 696.4616088867188
534.8140869140625 570.2333374023438
535.2630004882812 672.4083251953125
535.6044311523438 565.856201171875
535.9901733398438 699.9310302734375
536.7466430664062 616.464599609375
536.77978515625 631.7708129882812
536.77978515625 631.7708129882812
538.4566650390625 624.16064453125
538.7203979492188 689.0490112304688
539.48095703125 574.9547729492188
539.5906982421875 571.4459228515625
539.8641357421875 614.1387939453125
540.3262329101562 561.9086303710938
540.3262329101562 561.9086303710938
541.8279418945312 587.2220458984375
542.42236328125 601.8588256835938
542.5489501953125 599.7866821289062
544.0545043945312 740.3297729492188
547.4273071289062 592.9735717773438
547.6895141601562 634.433837890625
548.1778564453125 597.2681884765625
548.1778564453125 597.2681884765625
549.5057373046875 566.1366577148438
550.1103515625 660.3853149414062
550.7193603515625 664.8551025390625
552.4174194335938 636.6475830078125
553.0517578125 638.4610595703125
554.06201171875 665.0458374023438
555.9884643554688 560.1957397460938
556.2959594726562 743.8959350585938
556.5914306640625 568.01220703125
556.6690673828125 545.3665161132812
556.6836547851562 582.7659912109375
557.3118896484375 574.065673828125
557.80126953125 564.410400390625
558.3690185546875 735.6257934570312
558.3690185546875 735.6257934570312
559.3560180664062 570.4554443359375
563.008056640625 732.6580810546875
563.008056640625 732.6580810546875
563.02978515625 560.9053955078125
567.41650390625 604.0789184570312
567.41650390625 604.0789184570312
567.41650390625 604.0789184570312
567.41650390625 604.0789184570312
567.608154296875 600.8997802734375
567.608154296875 600.8997802734375
567.7488403320312 560.1200561523438
567.9749145507812 706.2090454101562
567.9749145507812 706.2090454101562
567.9749145507812 706.2090454101562
568.162841796875 633.1439819335938
568.2146606445312 596.0413208007812
569.1983642578125 610.243896484375
571.2815551757812 616.67138671875
571.2815551757812 616.67138671875
572.5957641601562 628.1461181640625
572.5957641601562 628.1461181640625
572.5957641601562 628.1461181640625
574.0487670898438 619.0555419921875
574.0487670898438 619.0555419921875
574.7066650390625 558.344482421875
575.372802734375 623.7168579101562
575.66943359375 609.0612182617188
576.1671752929688 590.0974731445312
578.4215698242188 667.640869140625
579.05322265625 620.501953125
579.9982299804688 541.1527099609375
579.9982299804688 541.1527099609375
580.4743041992188 681.4841918945312
580.8016357421875 701.0957641601562
580.8095703125 553.0985107421875
581.34326171875 618.3388671875
581.921630859375 608.3590698242188
581.921630859375 608.3590698242188
582.54296875 632.0661010742188
582.871337890625 536.1539306640625
584.3345947265625 611.0199584960938
584.6883544921875 599.0606689453125
585.2145385742188 607.242919921875
585.2869873046875 544.6339721679688
585.2869873046875 544.6339721679688
585.856201171875 558.7807006835938
585.856201171875 558.7807006835938
586.4417114257812 537.7765502929688
587.6810302734375 660.6776123046875
587.9187622070312 675.1687622070312
587.9187622070312 675.1687622070312
587.9255981445312 614.93994140625
587.9255981445312 614.93994140625
588.1209106445312 679.0797729492188
588.8328247070312 604.9675903320312
589.0784301757812 631.1917724609375
589.61376953125 594.495361328125
589.713623046875 528.2083740234375
591.4661865234375 626.8995971679688
592.2302856445312 673.1237182617188
592.2302856445312 673.1237182617188
592.658447265625 534.9511108398438
595.0210571289062 624.6921997070312
595.200439453125 625.0963745117188
595.200439453125 625.0963745117188
596.7526245117188 739.8577270507812
598.6312255859375 687.9486694335938
598.6312255859375 687.9486694335938
599.6763305664062 629.6444702148438
600.0807495117188 598.5980224609375
602.0986328125 685.7952880859375
604.2723999023438 730.4783935546875
604.3305053710938 532.2970581054688
605.4341430664062 624.8757934570312
605.6242065429688 683.5684814453125
606.1568603515625 645.395751953125
606.1588745117188 645.7354736328125
606.5400390625 602.5551147460938
606.567626953125 732.6837158203125
609.3621215820312 613.8389892578125
610.0181274414062 686.8971557617188
611.6796264648438 636.636962890625
612.2583618164062 609.4287109375
612.2583618164062 609.4287109375
613.3825073242188 677.234619140625
613.3825073242188 677.234619140625
613.3875732421875 517.4946899414062
614.0128173828125 619.5260009765625
614.0995483398438 596.37255859375
617.35693359375 627.0730590820312
617.6204223632812 612.1526489257812
617.6204223632812 612.1526489257812
617.697265625 619.7166748046875
618.6937255859375 608.081298828125
619.3687744140625 605.9134521484375
619.6508178710938 610.5216674804688
620.2347412109375 599.8870239257812
620.44189453125 621.7925415039062
620.518310546875 660.0515747070312
620.6224365234375 629.9575805664062
621.5892944335938 612.203857421875
621.5892944335938 612.203857421875
622.5989379882812 717.9698486328125
623.85595703125 599.9879150390625
623.8810424804688 522.172119140625
624.5235595703125 660.5233154296875
624.5235595703125 660.5233154296875
625.1212158203125 618.572509765625
625.1212158203125 618.572509765625
626.0452270507812 602.9848022460938
626.3423461914062 676.8722534179688
626.3423461914062 676.8722534179688
626.8507690429688 609.32421875
627.6904907226562 633.9310913085938
628.3330078125 600.4979248046875
628.4320678710938 626.5098876953125
628.5967407226562 631.26025390625
629.181640625 620.8118896484375
630.6593627929688 611.5848999023438
631.8392944335938 597.9808959960938
632.24169921875 531.4832153320312
632.6131591796875 638.4437255859375
633.6663208007812 613.504150390625
633.6663208007812 613.504150390625
634.2371215820312 630.8622436523438
634.4019775390625 620.43505859375
634.4019775390625 620.43505859375
635.0460205078125 719.4248046875
636.2103271484375 716.148193359375
636.2103271484375 716.148193359375
636.6539306640625 629.0411987304688
637.0220336914062 601.91796875
641.1475830078125 631.1549072265625
641.9412841796875 511.9751892089844
642.1495971679688 633.9356689453125
642.5126953125 593.2887573242188
642.9595336914062 619.0987548828125
643.046630859375 625.8988037109375
644.6581420898438 723.4046020507812
645.3314819335938 508.6305236816406
645.3314819335938 508.6305236816406
646.137451171875 637.6197509765625
646.1412963867188 666.0394287109375
646.358642578125 647.467041015625
646.382080078125 634.225341796875
647.0626220703125 638.7772827148438
647.3374633789062 622.27294921875
647.4716796875 595.6076049804688
647.4716796875 595.6076049804688
647.5834350585938 651.0025024414062
647.623779296875 631.28466796875
648.677001953125 508.08721923828125
649.3155517578125 592.1471557617188
651.6919555664062 634.114501953125
651.6919555664062 634.114501953125
653.0562133789062 617.1983032226562
653.9158935546875 595.9660034179688
653.9603271484375 601.421630859375
654.0066528320312 628.2833251953125
654.5570678710938 639.6502075195312
655.5846557617188 692.1878662109375
655.5846557617188 692.1878662109375
657.2841796875 503.6287536621094
657.7108154296875 625.9051513671875
657.7294921875 631.457763671875
657.7304077148438 616.3828125
658.0689086914062 607.91552734375
658.6102294921875 628.6799926757812
659.4597778320312 623.4737548828125
659.4597778320312 623.4737548828125
660.6651000976562 631.5625
661.0205688476562 505.4176025390625
661.8294067382812 700.3185424804688
661.8294067382812 700.3185424804688
662.0090942382812 615.0432739257812
662.8731079101562 623.4880981445312
663.0809326171875 628.6589965820312
663.772216796875 653.406005859375
665.1890258789062 640.18359375
665.1890258789062 640.18359375
666.1483764648438 625.9149169921875
666.763916015625 737.8554077148438
668.698974609375 720.1036376953125
669.4182739257812 632.1448974609375
670.4317626953125 622.2127075195312
673.0729370117188 631.8435668945312
674.0381469726562 594.9031372070312
674.0381469726562 594.9031372070312
675.119140625 612.0281372070312
676.5751953125 620.40380859375
678.2694091796875 634.3095703125
680.1053466796875 645.1432495117188
681.0194702148438 655.4131469726562
682.802490234375 734.9913330078125
683.927978515625 536.2260131835938
684.0370483398438 494.5849914550781
684.5021362304688 638.08642578125
684.5021362304688 638.08642578125
686.1785278320312 645.7914428710938
688.681396484375 642.2056274414062
689.8676147460938 646.0299682617188
693.6334838867188 625.601806640625
696.12451171875 487.7158508300781
696.6539916992188 726.3626098632812
696.6539916992188 726.3626098632812
697.2932739257812 743.0672607421875
697.2932739257812 743.0672607421875
697.2932739257812 743.0672607421875
697.2932739257812 743.0672607421875
698.1841430664062 625.2133178710938
698.319580078125 484.8373107910156
698.319580078125 484.8373107910156
698.9729614257812 684.2035522460938
700.7923583984375 605.2699584960938
701.4628295898438 747.59326171875
703.3034057617188 629.5955810546875
703.659912109375 632.0512084960938
703.6973266601562 625.5809326171875
705.0658569335938 604.4622802734375
705.53955078125 653.4833374023438
706.1818237304688 496.6721496582031
706.1818237304688 496.6721496582031
708.21240234375 634.464599609375
710.2709350585938 637.6002197265625
710.2709350585938 637.6002197265625
710.6221923828125 624.180419921875
711.6578979492188 647.3461303710938
712.0253295898438 740.0029296875
712.3242797851562 626.969482421875
714.95263671875 653.773681640625
717.2799682617188 614.5158081054688
718.2980346679688 467.5021057128906
719.4210815429688 706.650390625
719.4210815429688 706.650390625
721.5385131835938 639.6299438476562
723.2013549804688 479.0062561035156
724.3028564453125 504.57061767578125
724.3028564453125 504.57061767578125
725.3259887695312 638.912109375
726.6063232421875 606.0421752929688
728.8407592773438 647.1268310546875
729.1353759765625 657.2542724609375
729.5321044921875 643.5472412109375
729.8646240234375 609.1326904296875
731.2826538085938 470.0122985839844
733.1676025390625 703.2521362304688
733.366455078125 660.873779296875
736.9781494140625 638.1163940429688
745.6384887695312 683.81689453125
747.4193725585938 605.8944702148438
747.4193725585938 605.8944702148438
