1119 1268
1366 1234
1068 1311
1653 901
1120 974
860 1109
60 757
1367 1233
819 799
54 1279
47 1280
1128 962
868 874
1227 755
861 1111
796 1449
664 1291
1787 835
883 870
275 1249
1027 837
855 1405
900 803
990 1347
1000 843
895 871
888 873
577 1305
451 1339
1327 1468
675 782
1022 1137
374 1364
794 1450
677 780
1897 714
1743 795
867 800
373 1365
1499 1248
727 1070
1189 661
831 1426
1751 796
1995 1060
1701 1352
1162 1257
824 1431
1381 663
427 1357
1547 766
786 1079
505 1325
1778 735
925 1376
687 984
725 1069
1370 1002
858 1101
751 786
1887 615
1610 851
1496 1329
1877 712
506 1324
1101 633
750 785
1736 610
1853 1263
1497 1328
1837 711
1560 1315
