909.0 1732.0
1097.0 2286.0
1177.0 2313.0
1632.0 2851.0
749.0 2765.0
1637.0 2850.0
1237.0 2470.0
780.0 2883.0
930.0 871.0
1300.0 2724.0
877.0 429.0
47.0 2896.0
1613.0 2661.0
1289.0 2611.0
707.0 1901.0
47.0 2668.0
623.0 2226.0
1051.0 2020.0
906.0 512.0
39.0 2885.0
358.0 2833.0
711.0 2765.0
760.0 1568.0
742.0 2309.0
39.0 2796.0
773.0 2759.0
803.0 315.0
1166.0 2325.0
735.0 2309.0
1226.0 2470.0
813.0 2759.0
48.0 2796.0
732.0 2308.0
829.0 318.0
1054.0 2217.0
832.0 318.0
790.0 1197.0
915.0 318.0
821.0 319.0
700.0 2211.0
45.0 2847.0
36.0 2711.0
859.0 320.0
799.0 1641.0
44.0 2833.0
47.0 2778.0
40.0 2847.0
39.0 2671.0
831.0 322.0
1076.0 2274.0
1087.0 2325.0
801.0 947.0
804.0 873.0
1245.0 2324.0
45.0 2835.0
45.0 2704.0
37.0 2897.0
1289.0 2764.0
854.0 1831.0
1299.0 2763.0
1306.0 2723.0
47.0 2881.0
37.0 2837.0
45.0 2901.0
567.0 2723.0
48.0 2903.0
37.0 2905.0
47.0 2905.0
48.0 2837.0
666.0 2261.0
856.0 2880.0
775.0 2747.0
45.0 2906.0
45.0 2910.0
1217.0 2846.0
537.0 2760.0
37.0 2911.0
1132.0 2182.0
47.0 2911.0
1225.0 2703.0
48.0 2766.0
1008.0 1660.0
48.0 2913.0
923.0 327.0
630.0 2832.0
31.0 2787.0
39.0 2914.0
860.0 328.0
45.0 2914.0
864.0 328.0
862.0 330.0
592.0 2832.0
1121.0 2178.0
792.0 2762.0
36.0 2915.0
735.0 2307.0
32.0 2845.0
38.0 2917.0
588.0 2832.0
40.0 2917.0
47.0 2917.0
48.0 2745.0
970.0 2710.0
957.0 1672.0
402.0 2679.0
807.0 334.0
804.0 2880.0
853.0 2746.0
783.0 2880.0
778.0 2880.0
580.0 2832.0
849.0 2328.0
1090.0 2239.0
1210.0 2879.0
955.0 2879.0
36.0 2780.0
1298.0 2721.0
1261.0 2743.0
36.0 2832.0
960.0 1674.0
37.0 2722.0
980.0 1674.0
899.0 336.0
823.0 337.0
36.0 2796.0
1063.0 2304.0
743.0 2760.0
982.0 1676.0
805.0 338.0
809.0 338.0
914.0 2878.0
492.0 2613.0
43.0 2843.0
36.0 2670.0
979.0 1678.0
990.0 1678.0
1264.0 2742.0
1262.0 2746.0
584.0 2844.0
694.0 2140.0
924.0 340.0
914.0 341.0
592.0 2843.0
1221.0 2467.0
47.0 2844.0
1207.0 2761.0
993.0 1681.0
805.0 1682.0
810.0 1682.0
47.0 2830.0
781.0 2878.0
1298.0 2669.0
48.0 2741.0
888.0 354.0
885.0 354.0
783.0 2882.0
993.0 1683.0
809.0 347.0
1044.0 1987.0
827.0 354.0
36.0 2701.0
36.0 2877.0
798.0 1026.0
773.0 2748.0
39.0 2876.0
36.0 2688.0
885.0 2875.0
877.0 2875.0
976.0 1694.0
36.0 2799.0
684.0 2244.0
1008.0 2317.0
697.0 2875.0
595.0 2875.0
720.0 2108.0
971.0 1725.0
43.0 2658.0
518.0 2857.0
808.0 2841.0
34.0 2675.0
881.0 2827.0
46.0 2715.0
36.0 2874.0
39.0 2834.0
36.0 2770.0
36.0 2685.0
1149.0 2874.0
1326.0 2661.0
631.0 2828.0
904.0 2873.0
40.0 2724.0
677.0 2302.0
1000.0 1685.0
596.0 2877.0
688.0 2113.0
843.0 2873.0
607.0 2873.0
918.0 1726.0
776.0 2749.0
1126.0 2810.0
1146.0 2872.0
41.0 2620.0
36.0 2745.0
918.0 1728.0
974.0 1728.0
1300.0 2710.0
50.0 2801.0
913.0 2872.0
840.0 2872.0
648.0 2871.0
818.0 2880.0
1213.0 2786.0
545.0 2750.0
1309.0 2722.0
703.0 2842.0
774.0 2750.0
581.0 2840.0
673.0 2217.0
1069.0 2301.0
1234.0 2721.0
877.0 1751.0
1059.0 2870.0
703.0 1906.0
1284.0 2612.0
663.0 2167.0
785.0 1733.0
1059.0 2300.0
741.0 2313.0
905.0 1733.0
44.0 2801.0
705.0 1909.0
996.0 2821.0
715.0 2054.0
814.0 619.0
1615.0 2869.0
1008.0 1750.0
1162.0 2869.0
52.0 2723.0
1155.0 2869.0
48.0 2752.0
1061.0 2869.0
952.0 1742.0
961.0 1742.0
39.0 2703.0
984.0 1743.0
1183.0 2868.0
897.0 1495.0
839.0 2698.0
572.0 2868.0
46.0 2699.0
36.0 2753.0
31.0 2817.0
1035.0 1747.0
652.0 2867.0
1039.0 1747.0
502.0 2618.0
1144.0 2866.0
47.0 2824.0
1160.0 2282.0
572.0 2866.0
46.0 2866.0
1238.0 2729.0
498.0 2617.0
36.0 2883.0
1220.0 2465.0
945.0 1749.0
37.0 2866.0
718.0 1750.0
31.0 2866.0
36.0 2729.0
1223.0 2465.0
1175.0 2865.0
749.0 1750.0
972.0 2700.0
48.0 2770.0
566.0 2784.0
1027.0 1921.0
1219.0 2788.0
1142.0 2865.0
981.0 2700.0
631.0 2865.0
510.0 2483.0
1216.0 2470.0
1316.0 2889.0
1196.0 2470.0
961.0 2864.0
37.0 2706.0
48.0 2728.0
48.0 2889.0
642.0 2812.0
794.0 1109.0
746.0 2272.0
562.0 2471.0
665.0 2863.0
912.0 1751.0
943.0 1751.0
946.0 1107.0
48.0 2754.0
750.0 1752.0
1255.0 2727.0
701.0 2159.0
37.0 2693.0
782.0 1752.0
1186.0 2470.0
819.0 460.0
815.0 1752.0
1146.0 2862.0
960.0 2862.0
559.0 2783.0
48.0 2817.0
718.0 2107.0
47.0 2707.0
1037.0 1754.0
980.0 1469.0
722.0 1755.0
517.0 2862.0
1176.0 2861.0
47.0 2787.0
1144.0 2861.0
50.0 2690.0
34.0 2756.0
1090.0 2859.0
1220.0 2276.0
33.0 2859.0
770.0 2329.0
1060.0 2858.0
772.0 2756.0
45.0 2708.0
48.0 2858.0
862.0 1756.0
1150.0 2284.0
690.0 2329.0
1215.0 2804.0
44.0 2702.0
52.0 2803.0
37.0 2803.0
720.0 1758.0
816.0 291.0
884.0 1760.0
1069.0 2256.0
1387.0 2671.0
50.0 2609.0
905.0 1760.0
1627.0 2857.0
1008.0 2327.0
807.0 803.0
863.0 1761.0
37.0 2889.0
1226.0 2705.0
868.0 1762.0
36.0 2857.0
1037.0 1954.0
812.0 2757.0
904.0 467.0
48.0 2856.0
39.0 2782.0
1099.0 2269.0
986.0 2709.0
1322.0 2724.0
928.0 2327.0
36.0 2758.0
42.0 2853.0
865.0 296.0
894.0 1763.0
1171.0 2314.0
863.0 298.0
571.0 2834.0
865.0 300.0
1100.0 2274.0
992.0 1564.0
699.0 2844.0
919.0 2733.0
1241.0 2475.0
558.0 2471.0
657.0 2113.0
1232.0 2883.0
511.0 2611.0
1628.0 2708.0
777.0 1378.0
755.0 1657.0
969.0 1375.0
1187.0 2876.0
560.0 2474.0
705.0 2846.0
917.0 675.0
687.0 2221.0
655.0 2121.0
876.0 2852.0
1320.0 2721.0
1272.0 2476.0
812.0 677.0
712.0 2059.0
48.0 2677.0
1285.0 2715.0
1296.0 2607.0
1351.0 2615.0
44.0 2737.0
719.0 2008.0
925.0 802.0
1321.0 2552.0
1181.0 2467.0
705.0 2844.0
1248.0 2479.0
37.0 2663.0
818.0 514.0
909.0 563.0
921.0 737.0
824.0 417.0
1364.0 2719.0
843.0 416.0
429.0 2630.0
972.0 1689.0
452.0 2574.0
1241.0 2692.0
1546.0 2832.0
1481.0 2831.0
692.0 2287.0
1090.0 2868.0
816.0 2847.0
867.0 1084.0
706.0 2874.0
437.0 2623.0
1065.0 2274.0
637.0 2864.0
901.0 451.0
507.0 2511.0
809.0 738.0
1333.0 2566.0
711.0 2115.0
655.0 2304.0
952.0 1673.0
790.0 1647.0
735.0 1757.0
1098.0 2872.0
774.0000610351562 2748.0
37.20000076293945 2896.800048828125
1063.2000732421875 2304.0
794.4000244140625 1108.800048828125
46.80000305175781 2895.60009765625
39.60000228881836 2762.400146484375
951.6000366210938 1742.4000244140625
48.0 2744.400146484375
48.0 2836.800048828125
48.0 2824.800048828125
1035.60009765625 1747.2000732421875
1222.800048828125 2464.800048828125
984.0000610351562 1742.4000244140625
46.80000305175781 2829.60009765625
1146.0 2295.60009765625
1220.4000244140625 2464.800048828125
732.0 2308.800048828125
854.4000244140625 2876.400146484375
812.4000244140625 2851.2001953125
48.0 2796.0
734.4000244140625 2308.800048828125
814.800048828125 2848.800048828125
40.80000305175781 2800.800048828125
1159.2000732421875 2280.0
37.20000076293945 2803.2001953125
606.0 2874.0
630.0 2833.2001953125
1177.2000732421875 2313.60009765625
814.800048828125 1752.0001220703125
357.6000061035156 2833.2001953125
46.80000305175781 2905.2001953125
782.4000244140625 1752.0001220703125
1038.0 1746.0001220703125
43.20000076293945 2911.2001953125
1143.60009765625 2865.60009765625
1630.800048828125 2851.2001953125
748.800048828125 2766.0
1213.2000732421875 2786.400146484375
44.400001525878906 2762.400146484375
750.0 1752.0001220703125
710.4000244140625 2766.0
39.60000228881836 2798.400146484375
800.4000244140625 946.800048828125
39.60000228881836 2884.800048828125
1290.0 2763.60009765625
45.60000228881836 2707.2001953125
1298.4000244140625 2762.400146484375
810.0000610351562 2848.800048828125
780.0000610351562 2883.60009765625
913.2000122070312 2872.800048828125
37.20000076293945 2866.800048828125
826.800048828125 2883.60009765625
50.400001525878906 2689.2001953125
42.0 2852.400146484375
811.2000122070312 2838.0
1207.2000732421875 2761.2001953125
918.0000610351562 1728.0001220703125
792.0000610351562 2761.2001953125
48.0 2866.800048828125
742.800048828125 2760.0
902.4000244140625 2872.800048828125
662.4000244140625 2168.400146484375
536.4000244140625 2760.0
718.800048828125 1749.60009765625
894.0000610351562 1764.0001220703125
812.4000244140625 2758.800048828125
46.80000305175781 2778.0
842.4000244140625 2872.800048828125
44.400001525878906 2798.400146484375
517.2000122070312 2863.2001953125
868.800048828125 1762.800048828125
44.400001525878906 2833.2001953125
912.0000610351562 1750.800048828125
878.4000244140625 1750.800048828125
1071.60009765625 2276.400146484375
906.0000610351562 1760.4000244140625
544.800048828125 2750.400146484375
1008.0000610351562 1659.60009765625
39.60000228881836 2876.400146484375
862.800048828125 1760.4000244140625
1218.0 2846.400146484375
591.6000366210938 2832.0
776.4000244140625 2749.2001953125
46.80000305175781 2881.2001953125
1165.2000732421875 2324.400146484375
1245.60009765625 2324.400146484375
884.4000244140625 2875.2001953125
48.0 2686.800048828125
1146.0 2862.0
1086.0 2325.60009765625
854.4000244140625 1831.2000732421875
876.0000610351562 2875.2001953125
571.2000122070312 2868.0
804.0000610351562 2880.0
1008.0000610351562 1749.60009765625
39.60000228881836 2686.800048828125
865.2000122070312 298.8000183105469
1176.0 2860.800048828125
919.2000122070312 318.0
784.800048828125 1732.800048828125
1162.800048828125 2868.0
1183.2000732421875 2868.0
976.800048828125 1749.60009765625
1008.0000610351562 2326.800048828125
720.0 1758.0001220703125
840.0000610351562 2872.800048828125
39.60000228881836 2727.60009765625
703.2000122070312 1906.800048828125
702.0 1909.2000732421875
1059.60009765625 2858.400146484375
510.0000305175781 2503.2001953125
702.0 2847.60009765625
848.4000244140625 2328.0
861.6000366210938 1755.60009765625
820.800048828125 318.0
829.2000122070312 318.0
831.6000366210938 318.0
914.4000244140625 318.0
46.80000305175781 2872.800048828125
595.2000122070312 2875.2001953125
927.6000366210938 2328.0
704.4000244140625 1909.2000732421875
858.0000610351562 319.20001220703125
798.0000610351562 1026.0
610.800048828125 2320.800048828125
1615.2000732421875 2869.2001953125
1262.4000244140625 2742.0
972.0000610351562 2700.0
48.0 2857.2001953125
48.0 2769.60009765625
498.0000305175781 2617.2001953125
1068.0 2301.60009765625
1059.60009765625 2870.400146484375
1036.800048828125 1753.2000732421875
980.4000244140625 1674.0001220703125
690.0 2329.2001953125
691.2000122070312 2319.60009765625
1292.4000244140625 2767.2001953125
769.2000122070312 2329.2001953125
860.4000244140625 327.6000061035156
864.0000610351562 327.6000061035156
583.2000122070312 2842.800048828125
46.80000305175781 2817.60009765625
610.800048828125 2330.400146484375
804.0000610351562 872.4000244140625
960.0000610351562 2863.2001953125
44.400001525878906 2702.400146484375
807.6000366210938 334.8000183105469
856.800048828125 2878.800048828125
39.60000228881836 2847.60009765625
1614.0001220703125 2661.60009765625
45.60000228881836 2847.60009765625
46.80000305175781 2844.0
823.2000122070312 337.20001220703125
806.4000244140625 338.4000244140625
847.2000122070312 2878.800048828125
1299.60009765625 2724.0
853.2000122070312 2745.60009765625
44.400001525878906 2901.60009765625
922.800048828125 326.4000244140625
39.60000228881836 2672.400146484375
897.6000366210938 1495.2000732421875
48.0 2902.800048828125
986.4000244140625 2709.60009765625
37.20000076293945 2905.2001953125
1288.800048828125 2610.0
1387.2000732421875 2671.2001953125
51.60000228881836 2803.2001953125
1148.4000244140625 2874.0
591.6000366210938 2844.0
1225.2000732421875 2703.60009765625
1026.0 1921.2000732421875
44.400001525878906 2914.800048828125
913.2000122070312 2877.60009765625
930.0000610351562 870.0000610351562
48.0 2916.0
678.0 2301.60009765625
708.0 1902.0001220703125
826.800048828125 354.0
885.6000366210938 354.0
1284.0 2611.2001953125
38.400001525878906 2917.2001953125
44.400001525878906 2768.400146484375
818.4000244140625 2880.0
1627.2000732421875 2857.2001953125
906.0000610351562 511.20001220703125
1159.2000732421875 2865.60009765625
43.20000076293945 2800.800048828125
782.4000244140625 2880.0
1218.0 2788.800048828125
37.20000076293945 2763.60009765625
1075.2000732421875 2274.0
1070.4000244140625 2274.0
778.800048828125 2880.0
48.0 2740.800048828125
37.20000076293945 2738.400146484375
903.6000366210938 466.8000183105469
45.60000228881836 2698.800048828125
808.800048828125 2840.400146484375
960.0000610351562 1674.0001220703125
560.4000244140625 2473.2001953125
631.2000122070312 2820.0
37.20000076293945 2793.60009765625
980.4000244140625 2700.0
982.800048828125 1676.4000244140625
48.0 2766.0
853.2000122070312 1735.2000732421875
702.0 2841.60009765625
802.800048828125 315.6000061035156
50.400001525878906 2800.800048828125
1226.4000244140625 2470.800048828125
805.2000122070312 1682.4000244140625
993.6000366210938 1682.4000244140625
1000.800048828125 1683.60009765625
1069.2000732421875 2256.0
1125.60009765625 2810.400146484375
565.2000122070312 2784.0
48.0 2704.800048828125
561.6000366210938 2470.800048828125
1168.800048828125 2815.2001953125
973.2000122070312 1729.2000732421875
559.2000122070312 2782.800048828125
810.0000610351562 2846.400146484375
48.0 2754.0
1164.0 2815.2001953125
813.6000366210938 2845.2001953125
1171.2000732421875 2313.60009765625
1146.0 2872.800048828125
902.4000244140625 1726.800048828125
638.4000244140625 2864.400146484375
631.2000122070312 2864.400146484375
1221.60009765625 2467.2001953125
699.6000366210938 2844.0
972.0000610351562 1725.60009765625
704.4000244140625 2845.2001953125
1058.4000244140625 2300.400146484375
1166.4000244140625 2314.800048828125
39.60000228881836 2782.800048828125
1237.2000732421875 2470.800048828125
961.2000122070312 1741.2000732421875
824.4000244140625 2876.400146484375
510.0000305175781 2482.800048828125
648.0 2870.400146484375
772.800048828125 2758.800048828125
920.4000244140625 735.6000366210938
781.2000122070312 2702.400146484375
901.2000122070312 451.20001220703125
1150.800048828125 2283.60009765625
952.800048828125 2846.400146484375
810.0000610351562 1681.2000732421875
898.800048828125 336.0
1298.4000244140625 2720.400146484375
1053.60009765625 2217.60009765625
978.0000610351562 1678.800048828125
1233.60009765625 2721.60009765625
912.0000610351562 616.800048828125
586.800048828125 2832.0
1207.2000732421875 2892.0
1232.4000244140625 2882.400146484375
715.2000122070312 2064.0
558.0 2470.800048828125
1171.2000732421875 2721.60009765625
948.0000610351562 2844.0
1161.60009765625 2721.60009765625
816.0000610351562 290.4000244140625
652.800048828125 2866.800048828125
759.6000366210938 1567.2000732421875
952.800048828125 1194.0
735.6000366210938 2826.0
498.0000305175781 2622.0
45.60000228881836 2787.60009765625
1215.60009765625 2470.800048828125
813.6000366210938 618.0
789.6000366210938 1196.4000244140625
925.2000122070312 801.6000366210938
667.2000122070312 2259.60009765625
754.800048828125 1657.2000732421875
739.2000122070312 2823.60009765625
915.6000366210938 674.4000244140625
700.800048828125 2158.800048828125
46.80000305175781 2889.60009765625
579.6000366210938 2832.0
806.4000244140625 802.800048828125
1322.4000244140625 2724.0
818.4000244140625 513.6000366210938
672.0 2104.800048828125
1089.60009765625 2239.2001953125
742.800048828125 2827.2001953125
924.0000610351562 339.6000061035156
40.80000305175781 2619.60009765625
1214.4000244140625 2803.2001953125
1064.4000244140625 2112.0
980.4000244140625 1468.800048828125
517.2000122070312 2856.0
1044.0 1987.2000732421875
402.0000305175781 2679.60009765625
838.800048828125 2697.60009765625
970.800048828125 2710.800048828125
512.4000244140625 2611.2001953125
1131.60009765625 2182.800048828125
592.800048828125 2796.0
642.0 2811.60009765625
1180.800048828125 2467.2001953125
810.0000610351562 738.0
734.4000244140625 1756.800048828125
1051.2000732421875 2020.800048828125
798.0000610351562 1663.2000732421875
1154.4000244140625 2869.2001953125
992.4000244140625 1563.60009765625
904.800048828125 1732.800048828125
693.6000366210938 2139.60009765625
1099.2000732421875 2269.2001953125
1089.60009765625 2868.0
915.6000366210938 1110.0
771.6000366210938 2700.0
1320.0 2721.60009765625
1285.2000732421875 2715.60009765625
854.4000244140625 1726.800048828125
1272.0 2475.60009765625
1120.800048828125 2178.0
819.6000366210938 458.4000244140625
708.0 2109.60009765625
507.6000061035156 2479.2001953125
489.6000061035156 2716.800048828125
873.6000366210938 1062.0
567.6000366210938 2721.60009765625
914.4000244140625 1735.2000732421875
790.800048828125 1646.4000244140625
1098.0 2871.60009765625
1354.800048828125 2616.0
996.0000610351562 2821.2001953125
472.8000183105469 2601.60009765625
1210.800048828125 2893.2001953125
1036.800048828125 1953.60009765625
1099.2000732421875 2274.0
876.0000610351562 2852.400146484375
622.800048828125 2226.0
886.800048828125 468.0000305175781
1135.2000732421875 2827.2001953125
838.800048828125 1728.0001220703125
1135.2000732421875 2544.0
492.0000305175781 2613.60009765625
51.60000228881836 2692.800048828125
1395.60009765625 2694.0
1186.800048828125 2470.800048828125
811.2000122070312 676.800048828125
1123.2000732421875 2125.2001953125
1237.2000732421875 2728.800048828125
502.8000183105469 2618.400146484375
1243.2000732421875 2317.2001953125
697.2000122070312 2875.2001953125
1240.800048828125 2475.60009765625
1311.60009765625 2722.800048828125
969.6000366210938 1374.0
843.6000366210938 415.20001220703125
1315.2000732421875 2888.400146484375
799.2000122070312 1641.60009765625
1148.4000244140625 2221.2001953125
1333.2000732421875 2565.60009765625
1296.0 2606.400146484375
1096.800048828125 2286.0
808.800048828125 346.8000183105469
948.9600219726562 2849.760009765625
630.7200317382812 2832.480224609375
868.3200073242188 1762.56005859375
848.1600341796875 2328.47998046875
46.08000183105469 2700.0
1074.239990234375 2273.760009765625
1150.56005859375 2282.400146484375
809.280029296875 737.280029296875
930.2400512695312 869.760009765625
46.08000183105469 2831.0400390625
47.52000045776367 2916.0
826.56005859375 2882.880126953125
780.4800415039062 2882.880126953125
768.9600219726562 2328.47998046875
905.760009765625 511.20001220703125
516.9600219726562 2856.960205078125
509.760009765625 2482.56005859375
905.760009765625 1733.760009765625
1098.7200927734375 2795.0400390625
1232.6400146484375 2881.440185546875
1071.3599853515625 2275.2001953125
1134.7200927734375 2828.16015625
905.760009765625 1761.1201171875
980.6400146484375 1468.800048828125
848.1600341796875 2880.0
1288.800048828125 2610.72021484375
741.6000366210938 2828.16015625
817.9200439453125 2880.0
1176.4801025390625 2312.64013671875
884.1600341796875 1761.1201171875
803.52001953125 2880.0
1164.9600830078125 2324.16015625
790.56005859375 1195.2000732421875
509.760009765625 2502.72021484375
897.1200561523438 1494.7200927734375
862.56005859375 1761.1201171875
1245.60009765625 2324.16015625
732.9600219726562 2308.320068359375
781.9200439453125 2880.0
779.0400390625 2880.0
47.52000045776367 2796.480224609375
46.08000183105469 2880.0
1262.8800048828125 2743.2001953125
979.2000122070312 1679.0400390625
810.7200317382812 2848.320068359375
852.4800415039062 1735.2000732421875
973.4400634765625 1728.0001220703125
996.4800415039062 1586.8800048828125
584.6400146484375 2796.480224609375
970.56005859375 1729.4400634765625
473.760009765625 2602.080078125
591.8400268554688 2796.480224609375
1006.56005859375 2325.60009765625
900.0000610351562 443.52001953125
855.3600463867188 2878.56005859375
828.0000610351562 2878.56005859375
47.52000045776367 2744.64013671875
771.8400268554688 2700.0
972.0000610351562 2700.0
47.52000045776367 2836.800048828125
852.4800415039062 2746.080078125
1254.239990234375 2746.080078125
1085.760009765625 2325.60009765625
980.6400146484375 2701.440185546875
1298.8800048828125 2723.0400390625
813.6000366210938 2845.440185546875
720.0 1756.800048828125
671.0400390625 2105.280029296875
912.9600219726562 2877.1201171875
1206.7200927734375 2892.960205078125
704.1600341796875 2845.440185546875
774.7200317382812 2748.960205078125
699.8400268554688 2845.440185546875
1221.1199951171875 2465.280029296875
1209.60009765625 2892.960205078125
1234.080078125 2721.60009765625
1170.7200927734375 2721.60009765625
976.320068359375 1749.60009765625
1162.080078125 2721.60009765625
950.4000244140625 2844.0
810.7200317382812 2838.240234375
1159.2000732421875 2280.960205078125
46.08000183105469 2895.840087890625
884.1600341796875 2875.68017578125
498.2400207519531 2616.480224609375
1026.7200927734375 1920.9600830078125
544.3200073242188 2750.400146484375
1064.1600341796875 2304.0
47.52000045776367 2913.1201171875
596.1600341796875 2875.68017578125
1036.800048828125 1752.4801025390625
924.4800415039062 800.6400146484375
47.52000045776367 2903.0400390625
1298.8800048828125 2720.16015625
1088.6400146484375 2239.2001953125
704.1600341796875 1908.0001220703125
927.3600463867188 2327.0400390625
817.9200439453125 512.6400146484375
875.52001953125 2874.240234375
807.8400268554688 2839.68017578125
1271.52001953125 2475.360107421875
702.7200317382812 2842.56005859375
591.8400268554688 2842.56005859375
1241.280029296875 2475.360107421875
1006.56005859375 1660.320068359375
662.4000244140625 2168.64013671875
756.0 1589.760009765625
47.52000045776367 2753.280029296875
583.2000122070312 2842.56005859375
707.0400390625 1900.800048828125
1068.4801025390625 2255.0400390625
1147.6800537109375 2872.800048828125
911.52001953125 1751.0400390625
1144.800048828125 2872.800048828125
1167.840087890625 2815.2001953125
803.52001953125 871.2000122070312
1163.52001953125 2815.2001953125
1064.1600341796875 2111.0400390625
912.9600219726562 2872.800048828125
917.280029296875 1726.56005859375
846.7200317382812 1751.0400390625
902.8800659179688 2872.800048828125
44.6400032043457 2823.840087890625
970.56005859375 1726.56005859375
840.9600219726562 2872.800048828125
1124.6400146484375 2810.880126953125
887.0400390625 468.0000305175781
813.6000366210938 1751.0400390625
917.280029296875 673.9200439453125
606.2400512695312 2872.800048828125
780.4800415039062 1751.0400390625
610.5599975585938 2329.920166015625
46.08000183105469 2872.800048828125
748.800048828125 1751.0400390625
1164.9600830078125 2314.080078125
878.4000244140625 1749.60009765625
689.760009765625 2322.719970703125
1006.56005859375 2315.52001953125
806.4000244140625 802.0800170898438
642.2400512695312 2812.320068359375
512.6400146484375 2610.72021484375
797.760009765625 1663.2000732421875
47.52000045776367 2740.320068359375
812.1600341796875 2759.0400390625
718.56005859375 1751.0400390625
843.8400268554688 452.1600036621094
802.0800170898438 1535.0400390625
1614.2401123046875 2869.920166015625
1059.840087890625 2869.920166015625
535.6799926757812 2760.480224609375
743.0400390625 2760.480224609375
1206.7200927734375 2760.480224609375
842.4000244140625 466.5600280761719
902.8800659179688 1726.56005859375
835.2000122070312 443.52001953125
735.8400268554688 2828.16015625
792.0000610351562 2761.920166015625
902.8800659179688 466.5600280761719
943.2000122070312 1749.60009765625
1183.6800537109375 2868.480224609375
1288.800048828125 2763.360107421875
758.8800048828125 1566.7200927734375
1058.4000244140625 2841.1201171875
1062.7200927734375 2842.56005859375
1163.52001953125 2868.480224609375
1297.4400634765625 2763.360107421875
1056.9600830078125 2844.0
1058.4000244140625 2846.880126953125
1153.4400634765625 2868.480224609375
1228.320068359375 2469.60009765625
1068.4801025390625 2301.1201171875
822.2400512695312 470.8800048828125
709.9200439453125 2766.239990234375
44.6400032043457 2833.920166015625
940.3200073242188 1022.4000244140625
927.3600463867188 2316.960205078125
1242.7200927734375 2316.960205078125
748.800048828125 2766.239990234375
1247.0400390625 2316.960205078125
920.1600341796875 322.55999755859375
626.4000244140625 2820.960205078125
979.2000122070312 1674.7200927734375
1056.9600830078125 2201.760009765625
768.9600219726562 2318.400146484375
571.6799926757812 2867.0400390625
934.56005859375 943.2000122070312
776.1600341796875 2705.760009765625
652.3200073242188 2867.0400390625
1159.2000732421875 2867.0400390625
1008.0000610351562 1748.1600341796875
46.08000183105469 2793.60009765625
1215.360107421875 2471.0400390625
1038.239990234375 1746.7200927734375
1164.9600830078125 2318.400146484375
46.08000183105469 2777.760009765625
610.5599975585938 2319.840087890625
986.4000244140625 2710.080078125
1143.3599853515625 2865.60009765625
1399.6800537109375 2691.360107421875
960.4800415039062 1673.280029296875
983.52001953125 1742.4000244140625
951.8400268554688 1742.4000244140625
1006.56005859375 2319.840087890625
560.1600341796875 2783.52001953125
46.08000183105469 2865.60009765625
760.3200073242188 2797.920166015625
564.4800415039062 2783.52001953125
959.0400390625 2864.16015625
780.4800415039062 2701.440185546875
637.9200439453125 2864.16015625
630.7200317382812 2864.16015625
709.9200439453125 2113.920166015625
47.52000045776367 2685.60009765625
969.1200561523438 1373.760009765625
1530.7200927734375 2674.080078125
1175.0400390625 2862.72021484375
44.6400032043457 2707.2001953125
1213.9200439453125 2786.400146484375
813.6000366210938 617.760009765625
802.0800170898438 315.3600158691406
1123.2000732421875 2125.440185546875
797.760009765625 1025.280029296875
1058.4000244140625 2111.0400390625
783.3600463867188 1284.4801025390625
830.8800048828125 318.2400207519531
914.4000244140625 318.2400207519531
853.9200439453125 1726.56005859375
858.2400512695312 319.6800231933594
923.0400390625 319.6800231933594
689.760009765625 2328.47998046875
912.9600219726562 616.3200073242188
629.280029296875 2818.080078125
889.9200439453125 469.4400329589844
1386.7200927734375 2671.2001953125
47.52000045776367 2766.239990234375
923.0400390625 325.44000244140625
825.1200561523438 2877.1201171875
862.56005859375 328.32000732421875
800.6400146484375 946.0800170898438
806.4000244140625 335.52001953125
516.9600219726562 2862.72021484375
46.08000183105469 2763.360107421875
1144.800048828125 2861.280029296875
823.6800537109375 336.96002197265625
506.8800048828125 2479.68017578125
786.2400512695312 2823.840087890625
874.0800170898438 1062.7200927734375
900.0000610351562 452.1600036621094
951.8400268554688 1192.320068359375
1058.4000244140625 2858.400146484375
839.52001953125 1728.0001220703125
47.52000045776367 2858.400146484375
793.4400024414062 1108.800048828125
560.1600341796875 2471.0400390625
946.0800170898438 1105.9200439453125
1614.2401123046875 2661.1201171875
951.8400268554688 2846.880126953125
826.56005859375 354.2400207519531
885.6000366210938 354.2400207519531
1395.360107421875 2692.800048828125
357.1200256347656 2832.480224609375
1405.4400634765625 2687.0400390625
122.4000015258789 2604.960205078125
914.4000244140625 1735.2000732421875
999.3600463867188 2793.60009765625
970.56005859375 2710.080078125
789.1200561523438 1218.239990234375
822.2400512695312 453.6000061035156
921.6000366210938 735.8400268554688
1231.2000732421875 2485.440185546875
532.800048828125 2331.360107421875
908.6400146484375 563.0400390625
953.280029296875 1215.360107421875
881.280029296875 2826.72021484375
776.1600341796875 1378.080078125
1285.9200439453125 2714.400146484375
44.6400032043457 2787.840087890625
653.760009765625 2106.719970703125
774.7200317382812 1399.6800537109375
1020.9600219726562 1918.080078125
747.3600463867188 1661.760009765625
972.0000610351562 1396.800048828125
50.400001525878906 2692.800048828125
51.840003967285156 2803.68017578125
865.4400634765625 1084.320068359375
1097.280029296875 2871.360107421875
1134.7200927734375 2544.47998046875
1235.52001953125 2469.60009765625
707.0400390625 2874.240234375
797.760009765625 1641.60009765625
1000.800048828125 1683.360107421875
1000.800048828125 1667.52001953125
790.56005859375 1645.9200439453125
941.760009765625 1044.0
793.4400024414062 1130.4000244140625
1320.4801025390625 2551.68017578125
1225.4400634765625 2704.320068359375
656.6400146484375 2121.1201171875
354.2400207519531 2878.56005859375
587.52001953125 2831.0400390625
401.760009765625 2679.840087890625
819.3600463867188 457.9200134277344
630.7200317382812 2832.1923828125
819.0720825195312 2878.848388671875
912.3840942382812 2873.664306640625
585.7920532226562 2795.904296875
1175.0401611328125 2861.568359375
1235.5201416015625 2744.064208984375
822.528076171875 470.01605224609375
774.14404296875 2747.520263671875
1164.672119140625 2814.912353515625
851.904052734375 1726.272216796875
831.1680908203125 317.9520263671875
914.112060546875 317.9520263671875
1168.1280517578125 2814.912353515625
857.0880737304688 319.6800231933594
922.7520751953125 319.6800231933594
1064.4481201171875 2109.88818359375
1252.8001708984375 2744.064208984375
889.9201049804688 468.2880554199219
959.0401000976562 2863.29638671875
922.7520751953125 324.8640441894531
708.4800415039062 2111.6162109375
1263.1680908203125 2742.336181640625
862.2720947265625 328.3200378417969
1244.16015625 2322.43212890625
900.2880859375 444.0960388183594
786.2400512695312 2825.2802734375
658.3680419921875 2795.904296875
903.7440795898438 1726.272216796875
1159.4881591796875 2280.960205078125
812.1600952148438 2757.88818359375
682.56005859375 2218.752197265625
756.8640747070312 1589.7601318359375
1221.6961669921875 2464.128173828125
819.0720825195312 468.2880554199219
808.7041015625 2837.376220703125
535.6800537109375 2759.6162109375
779.3280639648438 2878.848388671875
672.1920776367188 2797.63232421875
1007.424072265625 1658.880126953125
844.9920654296875 452.7360534667969
902.01611328125 466.56005859375
627.2640380859375 2820.09619140625
803.5200805664062 870.912109375
843.2640991210938 466.56005859375
886.464111328125 354.2400207519531
1067.904052734375 2299.96826171875
789.696044921875 1194.048095703125
1164.672119140625 2866.752197265625
979.776123046875 1674.43212890625
1289.088134765625 2763.072265625
1142.2081298828125 2865.024169921875
1297.7281494140625 2763.072265625
979.776123046875 1677.88818359375
839.80810546875 1726.272216796875
827.7120971679688 2878.848388671875
915.840087890625 1726.272216796875
1159.4881591796875 2866.752197265625
822.528076171875 290.30401611328125
748.2240600585938 2764.80029296875
768.9600830078125 2317.248291015625
846.7200927734375 2878.848388671875
701.5680541992188 2842.560302734375
855.360107421875 2878.848388671875
748.2240600585938 1750.464111328125
559.8720703125 2782.080322265625
565.0560302734375 2783.808349609375
1214.7840576171875 2787.26416015625
851.904052734375 1733.1842041015625
1337.47216796875 2733.6962890625
532.2240600585938 2325.88818359375
737.8560791015625 2825.2802734375
914.112060546875 2877.120361328125
1610.49609375 2852.92822265625
995.328125 1588.0321044921875
1038.528076171875 1747.0081787109375
734.4000854492188 2306.880126953125
943.4880981445312 1748.7362060546875
718.8480834960938 1750.464111328125
1166.400146484375 2324.16015625
1176.76806640625 2312.064208984375
781.0560913085938 1750.464111328125
950.4000854492188 2844.288330078125
844.9920654296875 1750.464111328125
910.6560668945312 1750.464111328125
1036.800048828125 1752.192138671875
718.8480834960938 1755.648193359375
1479.1680908203125 2697.408203125
841.5360717773438 2871.936279296875
592.7040405273438 2795.904296875
810.4320678710938 2847.744384765625
1133.568115234375 2827.00830078125
758.5921020507812 2795.904296875
1287.360107421875 2714.688232421875
1099.008056640625 2795.904296875
813.8880615234375 2847.744384765625
768.9600830078125 2327.6162109375
701.5680541992188 1907.712158203125
1162.944091796875 2719.872314453125
609.9840698242188 2329.34423828125
948.672119140625 2847.744384765625
639.3600463867188 2863.29638671875
902.01611328125 2871.936279296875
1244.16015625 2317.248291015625
532.2240600585938 2329.34423828125
689.4720458984375 2327.6162109375
1086.912109375 2324.16015625
516.6720581054688 2856.38427734375
1531.0081787109375 2673.21630859375
905.4721069335938 1733.1842041015625
1145.6640625 2871.936279296875
1247.6160888671875 2317.248291015625
1394.49609375 2692.224365234375
777.60009765625 1375.4881591796875
594.4320678710938 2873.664306640625
972.8640747070312 2699.13623046875
1207.8720703125 2892.67236328125
604.800048828125 2873.664306640625
1064.4481201171875 2303.42431640625
1123.2000732421875 2809.728271484375
772.4160766601562 2700.8642578125
781.0560913085938 2700.8642578125
516.6720581054688 2861.568359375
979.776123046875 2700.8642578125
120.96001434326172 2604.09619140625
1169.8560791015625 2719.872314453125
813.8880615234375 1750.464111328125
644.5440673828125 2870.208251953125
708.4800415039062 1899.0721435546875
864.0000610351562 297.2160339355469
1060.9920654296875 2842.560302734375
900.2880859375 452.7360534667969
1000.5120849609375 1665.7921142578125
1145.6640625 2861.568359375
959.0401000976562 2839.104248046875
1057.5361328125 2840.832275390625
775.8720703125 1401.4080810546875
784.5120849609375 1282.1761474609375
957.3120727539062 2835.648193359375
1059.26416015625 2109.88818359375
796.6080932617188 1024.7041015625
559.8720703125 2471.040283203125
803.5200805664062 2878.848388671875
953.8560791015625 1216.5120849609375
509.7600402832031 2502.144287109375
1228.608154296875 2469.312255859375
817.3440551757812 513.216064453125
544.320068359375 2749.248291015625
509.7600402832031 2481.408203125
511.488037109375 2609.2802734375
934.8480834960938 943.4880981445312
952.1281127929688 1190.5921630859375
661.8240356445312 2196.288330078125
571.9680786132812 2866.752197265625
475.2000427246094 2602.3681640625
808.7041015625 1432.5120849609375
1154.3040771484375 2866.752197265625
743.0401000976562 2759.6162109375
800.0640869140625 945.216064453125
896.8320922851562 1494.7200927734375
889.9201049804688 452.7360534667969
912.3840942382812 616.8960571289062
874.3681030273438 1062.7200927734375
1183.6800537109375 2866.752197265625
884.736083984375 2873.664306640625
844.9920654296875 1731.4561767578125
760.320068359375 1565.568115234375
806.97607421875 800.0640869140625
941.7600708007812 1021.2481079101562
979.776123046875 1467.0721435546875
1007.424072265625 2325.88818359375
983.2321166992188 1491.26416015625
1057.5361328125 2299.96826171875
998.7841186523438 2794.17626953125
670.4640502929688 2106.43212890625
1059.26416015625 2870.208251953125
924.4801025390625 798.3360595703125
848.4480590820312 2327.6162109375
905.4721069335938 511.488037109375
929.6640625 869.18408203125
945.216064453125 1104.192138671875
959.0401000976562 1672.7041015625
921.0241088867188 1581.1201171875
793.152099609375 1107.6480712890625
808.7041015625 736.1280517578125
1059.26416015625 2858.1123046875
1353.024169921875 2616.192138671875
628.9920654296875 2863.29638671875
798.3360595703125 1662.336181640625
812.1600952148438 673.9200439453125
927.9360961914062 2325.88818359375
800.0640869140625 967.6801147460938
753.4080810546875 1669.2481689453125
834.6240844726562 442.3680419921875
1104.192138671875 2868.480224609375
903.7440795898438 483.8400573730469
584.0640258789062 2842.560302734375
881.2800903320312 2825.2802734375
793.152099609375 1669.2481689453125
976.320068359375 1748.7362060546875
1097.2801513671875 2870.208251953125
1124.9281005859375 2125.440185546875
748.2240600585938 1660.608154296875
661.8240356445312 2168.64013671875
972.8640747070312 1396.22412109375
962.49609375 1304.64013671875
335.2320251464844 2681.856201171875
1320.192138671875 2548.80029296875
926.2080688476562 820.800048828125
991.8720703125 1562.1121826171875
819.0720825195312 485.56805419921875
969.4080810546875 1372.0321044921875
787.9680786132812 1218.2401123046875
791.424072265625 1645.05615234375
1271.80810546875 2474.496337890625
706.7520751953125 2873.664306640625
649.7280883789062 2127.168212890625
793.152099609375 1130.112060546875
921.0241088867188 734.4000854492188
881.2800903320312 1123.2000732421875
946.944091796875 1128.3841552734375
917.568115234375 673.9200439453125
710.2080688476562 2764.80029296875
1235.5201416015625 2469.312255859375
1232.0640869140625 2880.576171875
805.248046875 824.256103515625
908.9281005859375 561.6000366210938
813.8880615234375 618.6240844726562
862.2720947265625 1755.648193359375
801.7920532226562 893.3760986328125
1240.7041015625 2476.22412109375
941.7600708007812 1043.712158203125
877.8240966796875 1748.7362060546875
781.0560913085938 1306.3681640625
1067.904052734375 2253.312255859375
986.6881103515625 2709.504150390625
914.112060546875 1734.912109375
1233.7921142578125 2721.600341796875
857.0880737304688 1209.60009765625
1124.9281005859375 2287.872314453125
661.8240356445312 2863.29638671875
1230.3360595703125 2448.576171875
827.7120971679688 354.2400207519531
1404.8641357421875 2685.312255859375
354.2400207519531 2878.848388671875
832.8960571289062 454.46405029296875
1060.9920654296875 2077.05615234375
810.4320678710938 698.112060546875
1064.4481201171875 2274.048095703125
884.736083984375 1209.60009765625
960.76806640625 1615.68017578125
1297.7281494140625 2723.328369140625
700.8768920898438 2842.906005859375
846.0289306640625 1750.11865234375
630.37451171875 2830.46435546875
779.6737060546875 2699.82763671875
1074.125 2272.666015625
758.9376831054688 2795.213134765625
1463.9617919921875 2695.680419921875
599.2705078125 2871.9365234375
779.6737060546875 2880.230712890625
590.97607421875 2795.213134765625
1192.3201904296875 2797.286865234375
387.76324462890625 2701.901123046875
887.5009155273438 352.5120544433594
974.5921630859375 2699.82763671875
1296.0001220703125 2762.03564453125
120.26881408691406 2604.44189453125
1476.4034423828125 2697.75390625
1036.8001708984375 1752.1922607421875
1289.7794189453125 2762.03564453125
719.539306640625 1754.265869140625
719.539306640625 2786.918701171875
709.1713256835938 2112.998779296875
1530.3170166015625 2672.870849609375
827.3665161132812 2880.230712890625
678.0673217773438 2218.752197265625
912.3841552734375 2871.9365234375
1167.43701171875 2726.784423828125
1246.2337646484375 2318.28515625
534.9888916015625 2759.9619140625
1123.891357421875 2809.728515625
516.3264770507812 2859.494873046875
978.7393188476562 2699.82763671875
904.0897216796875 1731.456298828125
808.7041015625 2834.611572265625
640.7424926757812 2863.64208984375
373.248046875 2699.82763671875
651.1104736328125 2867.789306640625
810.7777099609375 2757.888427734375
960.0769653320312 1621.555419921875
958.0033569335938 2834.611572265625
754.79052734375 1667.1746826171875
769.3057250976562 2326.57958984375
1287.705810546875 2714.3427734375
846.0289306640625 1731.456298828125
468.6336669921875 2670.797119140625
995.328125 1588.3778076171875
1173.65771484375 2861.568359375
852.2496948242188 1725.2354736328125
1040.9473876953125 2824.24365234375
1163.289794921875 2720.5634765625
897.868896484375 443.7504577636719
904.0897216796875 1725.2354736328125
1169.5106201171875 2720.5634765625
916.5313110351562 1725.2354736328125
902.01611328125 454.11846923828125
960.0769653320312 2861.568359375
821.1456909179688 290.3040466308594
333.8496398925781 2685.3125
839.80810546875 1727.30908203125
717.4656982421875 2782.771484375
1063.7569580078125 2108.8515625
628.3009033203125 2818.022705078125
657.331298828125 2797.286865234375
1036.8001708984375 2828.390869140625
970.4449462890625 1727.30908203125
814.9249267578125 1750.11865234375
779.6737060546875 1750.11865234375
773.452880859375 2699.82763671875
719.539306640625 1750.11865234375
949.7089233398438 2847.05322265625
812.851318359375 2847.05322265625
1103.1553955078125 2867.789306640625
943.4881591796875 1748.0450439453125
1339.5457763671875 2735.078857421875
821.1456909179688 468.6336669921875
902.01611328125 466.56005859375
1262.8226318359375 2741.299560546875
702.9505004882812 1907.7122802734375
819.0721435546875 2878.1572265625
1235.86572265625 2745.44677734375
843.955322265625 464.4864501953125
843.955322265625 454.11846923828125
864.6913452148438 296.52484130859375
852.2496948242188 1733.52978515625
785.89453125 2824.24365234375
1252.45458984375 2743.373291015625
644.8897094726562 2869.86279296875
848.1025390625 2878.1572265625
671.8464965820312 2797.286865234375
630.37451171875 2863.64208984375
1163.289794921875 2865.715576171875
856.3969116210938 2878.1572265625
1395.532958984375 2691.533203125
914.4577026367188 317.2608337402344
1036.8001708984375 1745.971435546875
829.4401245117188 319.3344421386719
858.4705200195312 319.3344421386719
1099.0081787109375 2795.213134765625
1005.6961669921875 1656.806640625
1099.0081787109375 2869.86279296875
738.2017211914062 2826.317138671875
922.7521362304688 325.55523681640625
559.8720703125 2782.771484375
862.6177368164062 327.62884521484375
564.019287109375 2782.771484375
806.6304931640625 335.9232482910156
775.5264892578125 1401.7537841796875
792.1152954101562 1667.1746826171875
841.8817138671875 2871.9365234375
1215.1297607421875 2786.918701171875
707.0977172851562 1899.4178466796875
910.310546875 1750.11865234375
792.1152954101562 1644.364990234375
1159.142578125 2278.88671875
1144.6273193359375 2859.494873046875
978.7393188476562 1677.5426025390625
808.7041015625 736.1281127929688
661.478515625 2168.98583984375
1125.9649658203125 2287.18115234375
951.7825317382812 1190.24658203125
684.2880859375 2218.752197265625
816.99853515625 510.1056823730469
1146.700927734375 2871.9365234375
649.036865234375 2127.513916015625
881.2801513671875 2824.24365234375
474.8544616699219 2600.294677734375
1179.8785400390625 2797.286865234375
902.01611328125 2871.9365234375
999.475341796875 2795.213134765625
595.123291015625 2874.010009765625
823.2192993164062 335.9232482910156
972.5185546875 1397.6065673828125
605.4912719726562 2871.9365234375
1221.3505859375 2463.437255859375
796.2625122070312 1024.3585205078125
999.475341796875 1665.10107421875
937.267333984375 1430.7841796875
806.6304931640625 800.4097290039062
609.6384887695312 2328.653076171875
777.60009765625 1372.723388671875
1067.9041748046875 2299.622802734375
887.5009155273438 454.11846923828125
462.4128723144531 2670.797119140625
960.0769653320312 1279.411376953125
1184.0257568359375 2867.789306640625
520.4736938476562 2770.330078125
982.8865356445312 1490.9185791015625
748.5697021484375 1750.11865234375
1007.7697143554688 1748.0450439453125
516.3264770507812 2855.34765625
796.2625122070312 1663.0274658203125
754.79052734375 1590.451416015625
763.0848999023438 1658.8802490234375
829.4401245117188 1582.156982421875
790.0416870117188 1192.3201904296875
800.4097290039062 943.4881591796875
922.7521362304688 1580.0833740234375
881.2801513671875 2815.94921875
875.059326171875 1061.683349609375
941.41455078125 1020.2113647460938
794.1889038085938 1105.22900390625
962.1505126953125 1306.3681640625
1080.345703125 2162.76513671875
819.0721435546875 487.29608154296875
1063.7569580078125 2301.6962890625
335.9232482910156 2681.165283203125
808.7041015625 1432.8577880859375
841.8817138671875 443.7504577636719
953.8561401367188 1215.1297607421875
912.3841552734375 613.7857055664062
928.972900390625 866.764892578125
781.747314453125 1308.4417724609375
904.0897216796875 485.22247314453125
1072.0513916015625 2156.544189453125
914.4577026367188 1733.52978515625
1304.2945556640625 2708.1220703125
792.1152954101562 1130.1121826171875
924.8257446289062 798.3361206054688
1175.7313232421875 2312.064208984375
1123.891357421875 2125.440185546875
547.4304809570312 2726.784423828125
802.4833374023438 870.912109375
734.0545043945312 2307.917236328125
787.9681396484375 1219.2769775390625
935.1937255859375 943.4881591796875
821.1456909179688 317.2608337402344
835.660888671875 599.2705078125
1057.5361328125 2299.622802734375
767.2321166992188 1470.1826171875
980.8129272460938 1466.035400390625
976.6657104492188 1748.0450439453125
852.2496948242188 2745.44677734375
1229.64501953125 2448.921875
1262.8226318359375 2480.02587890625
758.9376831054688 1563.49462890625
947.6353149414062 1128.03857421875
881.2801513671875 1121.8177490234375
810.7777099609375 698.8032836914062
802.4833374023438 895.7953491210938
945.5617065429688 1103.1553955078125
1405.9010009765625 2687.385986328125
875.059326171875 1084.492919921875
941.41455078125 1043.02099609375
1005.6961669921875 2324.505859375
906.163330078125 510.1056823730469
1244.16015625 2322.432373046875
933.1201171875 939.3409423828125
906.163330078125 1592.5250244140625
690.5089111328125 2328.653076171875
851.005615234375 1734.3594970703125
1475.5740966796875 2699.827880859375
701.7064208984375 1908.5418701171875
915.7019653320312 1726.89453125
948.0501708984375 2846.638671875
1057.5362548828125 2844.150390625
701.7064208984375 2844.150390625
1532.8055419921875 2674.944580078125
975.4216918945312 2699.827880859375
589.7319946289062 2796.872314453125
841.0523681640625 1726.89453125
851.005615234375 1726.89453125
1164.5340576171875 2722.22265625
375.7364196777344 2699.827880859375
1007.7698364257812 1659.7098388671875
826.1224365234375 2878.98681640625
903.2603759765625 1726.89453125
1169.5106201171875 2722.22265625
846.0289916992188 2878.98681640625
958.00341796875 2836.685546875
1463.1324462890625 2697.339599609375
811.1925048828125 2849.126953125
1062.512939453125 2110.095947265625
1395.9478759765625 2692.36279296875
806.2158813476562 2836.685546875
1291.4383544921875 2717.24609375
517.5706787109375 2859.080322265625
532.5006103515625 2762.035888671875
1209.3238525390625 2893.916748046875
1174.4873046875 2861.568603515625
1037.629638671875 1746.801025390625
1037.629638671875 2829.220458984375
778.8443603515625 2881.475341796875
542.4539184570312 2734.664306640625
82.11457824707031 2610.248291015625
515.0823364257812 2757.059326171875
378.2247314453125 2709.781005859375
1343.693115234375 2727.199462890625
1144.62744140625 2864.056884765625
532.5006103515625 2329.068115234375
943.073486328125 1749.2894287109375
1045.0946044921875 2055.352783203125
1351.1580810546875 2732.176025390625
1164.5340576171875 2866.54541015625
719.1246337890625 2060.329345703125
1184.4405517578125 2794.384033203125
1179.4639892578125 2796.872314453125
1338.7164306640625 2737.152587890625
641.9866943359375 2869.03369140625
1557.688720703125 2669.968017578125
273.71527099609375 2672.456298828125
629.5451049804688 2831.708740234375
679.3115234375 2219.58203125
1102.3260498046875 2869.03369140625
888.3304443359375 455.3626708984375
821.1458129882812 288.64520263671875
629.5451049804688 2864.056884765625
1557.688720703125 2674.944580078125
791.2859497070312 1669.6630859375
753.9611206054688 1669.6630859375
1132.1859130859375 2829.220458984375
995.3282470703125 1590.036865234375
773.86767578125 1400.9244384765625
796.2625732421875 1664.6865234375
863.447265625 296.1101379394531
970.4450073242188 1726.89453125
1251.625244140625 2744.61767578125
1264.06689453125 2744.61767578125
846.0289916992188 462.82763671875
1099.837646484375 2796.872314453125
719.1246337890625 1751.7777099609375
900.7720336914062 455.3626708984375
831.0990600585938 318.5050354003906
858.4705810546875 318.5050354003906
915.7019653320312 318.5050354003906
1216.788818359375 2789.407470703125
786.309326171875 2826.732177734375
875.8888549804688 1087.3961181640625
462.82763671875 2672.456298828125
739.0311889648438 2826.732177734375
923.1669311523438 323.481689453125
898.2837524414062 442.9210510253906
863.447265625 328.45831298828125
716.6363525390625 2786.9189453125
806.2158813476562 335.92327880859375
656.9166259765625 2799.360595703125
119.43939208984375 2605.271728515625
1074.9544677734375 2159.8623046875
671.8465576171875 2799.360595703125
467.80426025390625 2672.456298828125
1062.512939453125 2781.9423828125
1191.905517578125 2799.360595703125
913.2136840820312 2874.01025390625
1236.6953125 2747.10595703125
562.3604736328125 2784.4306640625
1181.9522705078125 2801.848876953125
520.0590209960938 2769.500732421875
751.4728393554688 2821.755615234375
627.0567626953125 2819.267333984375
706.6830444335938 2112.584228515625
1079.93115234375 2162.3505859375
385.689697265625 2704.804443359375
773.86767578125 2749.59423828125
1127.209228515625 2286.7666015625
1072.4661865234375 2274.324951171875
758.9378051757812 2796.872314453125
778.8443603515625 2702.316162109375
1296.4150390625 2764.524169921875
333.4349670410156 2684.89794921875
1167.0223388671875 2816.77880859375
1291.4383544921875 2764.524169921875
773.86767578125 2702.316162109375
821.1458129882812 467.80426025390625
1124.720947265625 2809.31396484375
1159.557373046875 2281.7900390625
960.4917602539062 1622.385009765625
962.9800415039062 1306.3682861328125
1089.8843994140625 2214.605224609375
756.449462890625 1592.525146484375
953.0267944335938 1219.277099609375
928.1435546875 2321.60302734375
826.1224365234375 1582.5718994140625
972.933349609375 1398.4361572265625
763.9144287109375 1659.7098388671875
1318.8099365234375 2664.991455078125
846.0289916992188 452.8743591308594
958.00341796875 2864.056884765625
1246.6485595703125 2319.11474609375
925.6552734375 1580.0836181640625
997.8165283203125 2794.384033203125
475.26922607421875 2602.783447265625
900.7720336914062 288.64520263671875
811.1925048828125 2759.547607421875
940.585205078125 1020.21142578125
783.8209838867188 1311.344970703125
821.1458129882812 490.19915771484375
1403.412841796875 2684.89794921875
1184.4405517578125 2869.03369140625
818.657470703125 507.6174011230469
970.4450073242188 2709.781005859375
875.8888549804688 1062.512939453125
808.7041625976562 736.5429077148438
783.8209838867188 1281.485107421875
649.45166015625 2130.00244140625
796.2625732421875 1025.1881103515625
846.0289916992188 1751.7777099609375
903.2603759765625 2874.01025390625
1007.7698364257812 2321.60302734375
997.8165283203125 1664.6865234375
811.1925048828125 699.2180786132812
768.8910522460938 2329.068115234375
982.8866577148438 1495.480712890625
841.0523681640625 2874.01025390625
768.8910522460938 1470.597412109375
813.6808471679688 1751.7777099609375
960.4917602539062 1278.996826171875
811.1925048828125 671.8465576171875
880.865478515625 2816.77880859375
604.6619262695312 2874.01025390625
398.13128662109375 2692.36279296875
806.2158813476562 798.7509155273438
855.9822998046875 2878.98681640625
816.1691284179688 559.8721313476562
801.2392578125 940.585205078125
948.0501708984375 1129.697509765625
803.7275390625 868.4238891601562
880.865478515625 2826.732177734375
781.3326416015625 1751.7777099609375
1072.4661865234375 2214.605224609375
923.1669311523438 796.2625732421875
885.8421020507812 353.3415222167969
768.8910522460938 2757.059326171875
594.7086181640625 2876.49853515625
445.4093933105469 2694.851318359375
1286.4617919921875 2505.73876953125
880.8655395507812 2818.76953125
253.8087158203125 2666.484375
719.622314453125 1752.7730712890625
385.1920471191406 2705.30224609375
1292.931396484375 2714.26025390625
788.2999877929688 2824.74169921875
895.79541015625 441.9257507324219
546.4352416992188 2729.190185546875
1167.52001953125 2720.232177734375
773.3700561523438 1403.412841796875
737.5382690429688 2827.7275390625
1346.67919921875 2729.190185546875
1036.13671875 2827.7275390625
1340.7071533203125 2735.162109375
1206.337890625 2893.419189453125
1131.688232421875 2827.7275390625
1263.071533203125 2741.134033203125
845.03369140625 453.86968994140625
1071.968505859375 2272.33447265625
1074.95458984375 2158.866943359375
1134.6741943359375 2278.306396484375
630.0427856445312 2830.713623046875
1236.19775390625 2744.1201171875
647.9586791992188 2129.007080078125
1125.71630859375 2287.264404296875
824.1318359375 2878.4892578125
1248.1416015625 2744.1201171875
845.03369140625 459.8416748046875
994.3329467773438 1591.5299072265625
889.823486328125 462.82763671875
519.5613403320312 2753.077880859375
119.43939208984375 2603.77880859375
901.7673950195312 286.654541015625
477.757568359375 2600.792724609375
821.1458129882812 465.8136291503906
513.58935546875 2756.06396484375
113.46742248535156 2612.73681640625
641.9867553710938 2866.54541015625
758.4401245117188 1666.1795654296875
531.5053100585938 2759.050048828125
716.6363525390625 2060.32958984375
862.9495849609375 295.61248779296875
1173.4920654296875 2860.573486328125
839.0617065429688 1725.899169921875
806.2158813476562 2833.699462890625
830.103759765625 319.5003662109375
856.9776611328125 319.5003662109375
958.5010986328125 2833.699462890625
904.75341796875 1725.899169921875
1295.9173583984375 2762.035888671875
922.6693115234375 322.4863586425781
913.7113647460938 1725.899169921875
862.9495849609375 328.45831298828125
877.8795166015625 477.757568359375
970.445068359375 1725.899169921875
779.342041015625 2878.4892578125
701.7064208984375 2842.657470703125
1057.03857421875 2842.657470703125
851.0056762695312 1731.8712158203125
1036.13671875 1746.8011474609375
812.1878662109375 2845.6435546875
531.5053100585938 2326.082275390625
949.5431518554688 2845.6435546875
519.5613403320312 2768.0078125
898.7814331054688 456.8556823730469
970.445068359375 2708.288330078125
680.8045654296875 2218.586669921875
561.3651123046875 2782.937744140625
1060.024658203125 2782.937744140625
1128.7022705078125 2275.3203125
716.6363525390625 2785.923828125
256.794677734375 2681.414306640625
758.4401245117188 2815.78369140625
1552.712158203125 2666.484375
701.7064208984375 1908.0443115234375
274.7106018066406 2669.470458984375
1215.2957763671875 2785.923828125
1098.8424072265625 2869.531494140625
1555.6981201171875 2672.456298828125
465.8136291503906 2675.4423828125
1531.8101806640625 2675.4423828125
316.514404296875 2681.414306640625
588.239013671875 2794.8818359375
331.4443054199219 2684.400390625
1000.304931640625 2794.8818359375
1403.412841796875 2684.400390625
1098.8424072265625 2794.8818359375
1394.4549560546875 2690.372314453125
1463.132568359375 2696.34423828125
937.5992431640625 1660.20751953125
1472.0904541015625 2696.34423828125
671.8465576171875 2797.86767578125
376.23406982421875 2699.330322265625
758.4401245117188 2797.86767578125
1191.407958984375 2797.86767578125
1182.449951171875 2800.853759765625
385.1920471191406 2699.330322265625
1122.730224609375 2809.811767578125
773.3700561523438 2699.330322265625
636.0147705078125 2812.797607421875
976.4170532226562 2699.330322265625
1319.8052978515625 2666.484375
379.2200622558594 2705.30224609375
1164.5340576171875 2815.78369140625
627.0568237304688 2818.76953125
752.4681396484375 2818.76953125
1045.0947265625 2054.357421875
877.8795166015625 1086.8984375
997.3189086914062 1663.1934814453125
1382.510986328125 2657.5263671875
791.2859497070312 1669.16552734375
704.6923828125 2111.09130859375
952.5291748046875 1221.267822265625
806.2158813476562 797.2579345703125
1337.72119140625 2705.30224609375
1257.099609375 2553.01708984375
809.201904296875 731.5662841796875
1006.27685546875 1657.2215576171875
797.2579345703125 1018.2208251953125
516.5753784179688 2857.58740234375
767.3980712890625 2323.09619140625
1021.206787109375 2824.74169921875
1283.9735107421875 2505.2412109375
848.0196533203125 274.7106018066406
818.1598510742188 507.617431640625
904.75341796875 274.7106018066406
480.7435607910156 2747.10595703125
877.8795166015625 1063.0106201171875
603.1689453125 2872.517333984375
791.2859497070312 1639.3056640625
848.0196533203125 2878.4892578125
659.9026489257812 2173.796875
815.173828125 558.379150390625
797.2579345703125 1663.1934814453125
880.8655395507812 2824.74169921875
824.1318359375 1582.5718994140625
925.6552734375 1579.5859375
1143.6322021484375 2863.559326171875
806.2158813476562 334.4302978515625
755.4541625976562 1594.515869140625
812.1878662109375 701.7064208984375
797.2579345703125 1024.1927490234375
821.1458129882812 489.7015075683594
940.585205078125 1018.2208251953125
1060.024658203125 2108.105224609375
906.5449829101562 1727.0936279296875
1336.52685546875 2705.30224609375
519.5613403320312 2755.466796875
530.3109130859375 2759.050048828125
118.24500274658203 2604.97314453125
1293.5286865234375 2762.63330078125
519.5613403320312 2766.21630859375
562.5595703125 2784.13232421875
716.6363525390625 2784.13232421875
1060.621826171875 2784.13232421875
1214.6986083984375 2787.715576171875
587.641845703125 2794.8818359375
999.707763671875 2794.8818359375
1035.53955078125 1748.5927734375
670.0549926757812 2798.465087890625
1071.371337890625 2275.320556640625
1100.036865234375 2798.465087890625
1182.4500732421875 2798.465087890625
1164.5340576171875 2816.380859375
627.0568237304688 2819.964111328125
788.2999877929688 2823.54736328125
824.1318359375 2877.294921875
881.4627075195312 2823.54736328125
738.1354370117188 2827.13037109375
1035.53955078125 2827.13037109375
1132.2855224609375 2827.13037109375
630.6400146484375 2830.713623046875
960.292724609375 2834.296875
913.7113647460938 1727.0936279296875
1006.8740844726562 1655.4300537109375
1057.0386962890625 2841.463134765625
1128.7022705078125 2282.48681640625
1465.5213623046875 2694.552734375
781.1336669921875 1293.5286865234375
601.9745483398438 2873.7119140625
838.4645385742188 1727.0936279296875
920.8777465820312 322.4863586425781
781.1336669921875 2880.878173828125
702.3036499023438 2845.04638671875
544.6436157226562 2733.9677734375
949.543212890625 2845.04638671875
813.3822631835938 2848.629638671875
659.3054809570312 2862.96240234375
852.7973022460938 1727.0936279296875
1168.1173095703125 2862.96240234375
644.9727172851562 2866.54541015625
659.3054809570312 2174.991455078125
272.3218078613281 2669.470458984375
971.0422973632812 1386.69140625
1533.601806640625 2673.0537109375
1555.1009521484375 2673.0537109375
333.23590087890625 2683.80322265625
1397.44091796875 2690.969482421875
720.2195434570312 1752.1759033203125
974.62548828125 2698.135986328125
1472.687744140625 2698.135986328125
773.96728515625 2701.71923828125
379.8172912597656 2705.30224609375
1347.2763671875 2733.9677734375
1236.19775390625 2744.71728515625
530.3109130859375 2329.068115234375
856.3804931640625 318.9031982421875
971.0422973632812 1727.0936279296875
773.96728515625 1401.0240478515625
1246.947265625 2744.71728515625
752.4682006835938 2816.380859375
845.6309204101562 458.64727783203125
1264.8631591796875 2744.71728515625
1074.95458984375 2160.65869140625
494.4790954589844 2612.1396484375
480.1463623046875 2601.39013671875
881.4627075195312 1064.2049560546875
928.0441284179688 1580.1832275390625
480.1463623046875 2748.300537109375
788.2999877929688 1207.5322265625
802.6327514648438 1651.8468017578125
250.82272338867188 2665.88720703125
1322.194091796875 2665.88720703125
867.1300048828125 275.9049987792969
888.6290893554688 462.23046875
902.9618530273438 275.9049987792969
254.40591430664062 2673.0537109375
465.8136291503906 2673.0537109375
257.9891052246094 2680.219970703125
680.8045654296875 2217.989501953125
720.2195434570312 2056.746337890625
899.378662109375 286.654541015625
881.4627075195312 480.1463623046875
938.7936401367188 1662.596435546875
1021.2068481445312 2827.13037109375
1404.6072998046875 2683.80322265625
759.6345825195312 1669.7626953125
705.8868408203125 2110.494140625
877.8795776367188 1085.7041015625
1383.108154296875 2655.1376953125
895.7954711914062 440.7313537597656
806.2159423828125 2830.713623046875
1067.7882080078125 2192.9072265625
820.5486450195312 1583.766357421875
806.2159423828125 795.4663696289062
652.1390991210938 2149.9091796875
1293.5286865234375 2716.0517578125
1329.3604736328125 2716.0517578125
996.1245727539062 1662.596435546875
981.7918090820312 1479.8541259765625
849.214111328125 275.9049987792969
1289.9454345703125 2604.97314453125
863.5468139648438 297.4040832519531
992.5413818359375 1594.515869140625
924.4609375 809.799072265625
702.3036499023438 1906.2528076171875
1046.2890625 2056.746337890625
985.375 2708.885498046875
1160.950927734375 2862.96240234375
795.4663696289062 1300.695068359375
809.799072265625 1637.51416015625
920.8777465820312 745.3018188476562
1100.036865234375 2870.128662109375
806.2159423828125 809.799072265625
515.9782104492188 2859.379150390625
677.2213745117188 2010.1650390625
1254.1136474609375 2551.2255859375
