589.0 647.0
485.0 639.0
689.0 645.0
399.0 643.0
531.0 665.0
665.0 681.0
436.0 662.0
386.0 564.0
720.0 680.0
629.0 652.0
603.0 662.0
472.0 657.0
449.0 652.0
595.0 662.0
641.0 680.0
599.0 665.0
585.0 373.0
592.0 688.0
351.0 681.0
713.0 676.0
470.0 652.0
571.0 642.0
553.0 646.0
577.0 373.0
615.0 708.0
421.0 662.0
572.0 662.0
394.0 659.0
538.0 652.0
549.0 662.0
670.0 677.0
715.0 673.0
673.0 681.0
535.0 662.0
280.0 676.0
608.0 657.0
639.0 643.0
384.0 564.0
555.0 668.0
402.0 652.0
493.0 652.0
594.0 643.0
580.0 643.0
504.0 662.0
422.0 643.0
408.0 373.0
424.0 373.0
599.0 659.0
557.0 643.0
549.0 643.0
535.0 643.0
512.0 643.0
539.0 685.0
462.0 659.0
330.0 679.0
481.0 643.0
467.0 643.0
582.0 590.0
513.0 373.0
436.0 643.0
675.0 679.0
686.0 679.0
692.0 642.0
675.0 683.0
670.0 642.0
662.0 642.0
324.0 678.0
418.0 680.0
698.0 683.0
647.0 642.0
413.0 662.0
526.0 642.0
404.0 647.0
525.0 711.0
391.0 642.0
425.0 652.0
429.0 564.0
558.0 662.0
376.0 642.0
426.0 647.0
431.0 647.0
354.0 642.0
644.0 676.0
346.0 642.0
449.0 647.0
532.0 668.0
715.0 678.0
454.0 647.0
472.0 647.0
508.0 659.0
476.0 647.0
494.0 647.0
498.0 82.0
353.0 679.0
341.0 564.0
301.0 642.0
496.0 82.0
499.0 647.0
621.0 645.0
687.0 683.0
617.0 642.0
517.0 647.0
692.0 678.0
649.0 661.0
522.0 647.0
544.0 647.0
463.0 646.0
562.0 647.0
409.0 647.0
694.0 640.0
567.0 647.0
344.0 661.0
585.0 647.0
604.0 640.0
685.0 681.0
688.0 681.0
417.0 659.0
438.0 590.0
299.0 640.0
666.0 639.0
520.0 707.0
485.0 646.0
643.0 639.0
629.0 658.0
523.0 711.0
598.0 639.0
553.0 639.0
508.0 639.0
418.0 639.0
356.0 652.0
350.0 645.0
696.0 681.0
711.0 681.0
508.0 646.0
507.0 711.0
350.0 639.0
585.0 657.0
669.0 684.0
489.0 711.0
692.0 684.0
663.0 679.0
634.0 638.0
365.0 703.0
530.0 646.0
657.0 685.0
769.0 758.0
305.0 681.0
544.0 657.0
290.0 685.0
331.0 642.0
598.0 646.0
328.0 682.0
573.0 377.0
540.0 657.0
512.0 662.0
557.0 377.0
549.0 377.0
671.0 685.0
499.0 657.0
525.0 377.0
567.0 667.0
563.0 667.0
476.0 657.0
324.0 642.0
517.0 377.0
459.0 643.0
509.0 377.0
703.0 685.0
705.0 685.0
417.0 683.0
539.0 647.0
682.0 676.0
628.0 703.0
501.0 377.0
416.0 373.0
350.0 648.0
690.0 676.0
535.0 388.0
690.0 637.0
567.0 658.0
373.0 646.0
420.0 377.0
412.0 377.0
492.0 378.0
553.0 666.0
364.0 637.0
273.0 680.0
533.0 376.0
578.0 696.0
368.0 655.0
575.0 639.0
485.0 659.0
365.0 652.0
583.0 653.0
561.0 373.0
447.0 653.0
465.0 373.0
553.0 373.0
417.0 665.0
667.0 676.0
394.0 665.0
666.0 645.0
645.0 658.0
545.0 373.0
518.0 273.0
440.0 639.0
318.0 683.0
529.0 373.0
626.0 654.0
637.0 652.0
647.0 677.0
521.0 373.0
301.0 678.0
581.0 694.0
545.0 659.0
504.0 706.0
349.0 658.0
493.0 706.0
606.0 652.0
505.0 373.0
497.0 373.0
489.0 373.0
711.0 666.0
481.0 373.0
439.0 666.0
515.0 652.0
518.0 271.0
473.0 373.0
448.0 666.0
380.0 695.0
327.0 639.0
462.0 666.0
664.0 683.0
358.0 657.0
458.0 662.0
432.0 373.0
346.0 676.0
320.0 681.0
390.0 662.0
561.0 652.0
525.0 709.0
327.0 645.0
303.0 676.0
300.0 676.0
326.0 677.0
481.0 662.0
576.0 665.0
299.0 661.0
590.0 377.0
504.0 643.0
766.0 756.0
366.0 659.0
463.0 639.0
679.0 676.0
330.0 683.0
643.0 645.0
351.0 827.0
315.0 676.0
448.0 372.0
363.0 657.0
582.0 683.0
597.0 690.0
602.0 643.0
600.0 638.0
646.0 665.0
468.0 378.0
565.0 377.0
431.0 667.0
471.0 666.0
576.0 658.0
453.0 667.0
476.0 667.0
404.0 377.0
324.0 636.0
359.0 638.0
408.0 696.0
553.0 658.0
440.0 646.0
546.0 653.0
499.0 667.0
587.0 736.0
623.0 700.0
523.0 653.0
517.0 667.0
531.0 659.0
478.0 653.0
645.0 544.0
497.0 604.0
531.0 685.0
319.0 637.0
591.0 653.0
629.0 637.0
314.0 637.0
271.0 813.0
449.0 658.0
346.0 636.0
385.0 657.0
494.0 658.0
408.0 657.0
722.0 812.0
406.0 698.0
632.0 801.0
490.0 662.0
540.0 667.0
724.0 694.0
362.0 801.0
541.0 377.0
650.0 547.0
590.0 667.0
454.0 377.0
580.0 343.0
303.0 637.0
467.0 663.0
591.0 738.0
442.0 439.0
569.0 653.0
476.0 378.0
381.0 854.0
484.0 378.0
621.0 639.0
411.0 685.0
538.0 590.0
701.0 676.0
388.0 640.0
497.0 860.0
348.0 664.0
426.0 658.0
624.0 636.0
576.0 683.0
395.0 646.0
529.0 381.0
560.0 677.0
685.0 636.0
442.0 668.0
372.0 639.0
607.0 694.0
284.0 673.0
608.0 666.0
749.0 724.0
545.0 666.0
309.0 642.0
449.0 668.0
380.0 564.0
265.0 696.0
577.0 680.0
497.0 381.0
421.0 730.0
308.0 680.0
579.0 731.0
674.0 637.0
431.0 658.0
276.0 675.0
637.0 708.0
679.0 638.0
229.0 757.0
429.0 490.0
594.0 381.0
370.0 701.0
681.0 746.0
732.0 699.0
297.0 659.0
369.0 636.0
582.0 685.0
578.0 668.0
415.0 732.0
433.0 653.0
306.0 683.0
485.0 665.0
647.0 636.0
669.0 636.0
501.0 653.0
303.0 658.0
508.0 665.0
455.0 653.0
444.0 663.0
413.0 694.0
401.0 688.0
566.0 680.0
390.0 564.0
574.0 668.0
318.0 646.0
576.0 708.0
517.0 652.0
475.0 604.0
335.0 685.0
444.0 377.0
526.0 661.0
520.0 604.0
590.0 658.0
576.0 677.0
430.0 604.0
336.0 675.0
424.0 381.0
646.0 684.0
408.0 381.0
534.0 668.0
441.0 437.0
399.0 675.0
513.0 225.0
426.0 667.0
658.0 675.0
560.0 590.0
505.0 381.0
302.0 835.0
416.0 546.0
450.0 389.0
435.0 564.0
312.0 747.0
585.0 667.0
686.0 673.0
459.0 387.0
494.0 667.0
400.0 388.0
415.0 544.0
410.0 653.0
348.0 685.0
614.0 668.0
385.0 667.0
499.0 77.0
396.0 690.0
277.0 673.0
668.0 664.0
540.0 42.0
613.0 696.0
639.0 636.0
573.0 730.0
428.0 679.0
420.0 668.0
313.0 762.0
663.0 674.0
335.0 564.0
517.0 657.0
420.0 387.0
224.0 759.0
492.0000305175781 651.6000366210938
530.4000244140625 664.800048828125
597.6000366210938 688.800048828125
669.6000366210938 684.0
327.6000061035156 645.6000366210938
513.6000366210938 662.4000244140625
692.4000244140625 684.0
538.800048828125 664.800048828125
416.4000244140625 657.6000366210938
530.4000244140625 638.4000244140625
440.4000244140625 645.6000366210938
448.8000183105469 645.6000366210938
553.2000122070312 664.800048828125
422.4000244140625 662.4000244140625
625.2000122070312 652.800048828125
453.6000061035156 645.6000366210938
685.2000122070312 680.4000244140625
462.0000305175781 645.6000366210938
403.20001220703125 645.6000366210938
640.800048828125 636.0
324.0 676.800048828125
367.20001220703125 652.800048828125
667.2000122070312 636.0
448.8000183105469 657.6000366210938
471.6000061035156 645.6000366210938
484.8000183105469 645.6000366210938
576.0 657.6000366210938
571.2000122070312 662.4000244140625
561.6000366210938 664.800048828125
493.20001220703125 645.6000366210938
646.800048828125 675.6000366210938
499.20001220703125 645.6000366210938
663.6000366210938 680.4000244140625
670.800048828125 642.0
490.8000183105469 662.4000244140625
507.6000061035156 645.6000366210938
453.6000061035156 658.800048828125
567.6000366210938 664.800048828125
661.2000122070312 642.0
648.0 642.0
638.4000244140625 642.0
576.0 664.800048828125
602.4000244140625 642.0
544.800048828125 658.800048828125
507.6000061035156 638.4000244140625
516.0 645.6000366210938
592.800048828125 642.0
430.8000183105469 657.6000366210938
507.6000061035156 657.6000366210938
522.0 645.6000366210938
570.0 642.0
457.20001220703125 662.4000244140625
577.2000122070312 667.2000122070312
558.0 642.0
476.4000244140625 645.6000366210938
627.6000366210938 651.6000366210938
548.4000244140625 642.0
604.800048828125 651.6000366210938
535.2000122070312 642.0
525.6000366210938 642.0
574.800048828125 667.2000122070312
512.4000244140625 642.0
502.8000183105469 642.0
499.20001220703125 638.4000244140625
582.0 651.6000366210938
530.4000244140625 645.6000366210938
603.6000366210938 661.2000122070312
538.800048828125 645.6000366210938
489.6000061035156 642.0
480.0000305175781 642.0
559.2000122070312 651.6000366210938
468.0000305175781 642.0
445.20001220703125 642.0
435.6000061035156 642.0
422.4000244140625 642.0
544.800048828125 645.6000366210938
412.8000183105469 642.0
484.8000183105469 638.4000244140625
553.2000122070312 645.6000366210938
688.800048828125 637.2000122070312
399.6000061035156 642.0
390.0000305175781 642.0
514.800048828125 651.6000366210938
354.0 642.0
561.6000366210938 645.6000366210938
344.4000244140625 642.0
332.4000244140625 642.0
598.800048828125 657.6000366210938
567.6000366210938 658.800048828125
576.0 645.6000366210938
471.6000061035156 638.4000244140625
554.4000244140625 667.2000122070312
300.0 642.0
584.4000244140625 645.6000366210938
552.0 667.2000122070312
313.20001220703125 638.4000244140625
694.800048828125 640.800048828125
531.6000366210938 667.2000122070312
484.8000183105469 664.800048828125
470.4000244140625 664.800048828125
469.20001220703125 651.6000366210938
434.4000244140625 662.4000244140625
319.20001220703125 638.4000244140625
589.2000122070312 645.6000366210938
597.6000366210938 645.6000366210938
439.20001220703125 664.800048828125
446.4000244140625 651.6000366210938
448.8000183105469 638.4000244140625
349.20001220703125 645.6000366210938
643.2000122070312 645.6000366210938
393.6000061035156 664.800048828125
630.0 657.6000366210938
423.6000061035156 651.6000366210938
415.20001220703125 667.2000122070312
666.0 645.6000366210938
417.6000061035156 638.4000244140625
418.8000183105469 667.2000122070312
426.0000305175781 638.4000244140625
594.0 661.2000122070312
316.8000183105469 681.6000366210938
388.8000183105469 661.2000122070312
362.4000244140625 657.6000366210938
628.800048828125 702.0
499.20001220703125 658.800048828125
444.0000305175781 662.4000244140625
411.6000061035156 661.2000122070312
480.0000305175781 661.2000122070312
561.6000366210938 657.6000366210938
502.8000183105469 661.2000122070312
525.6000366210938 661.2000122070312
535.2000122070312 661.2000122070312
548.4000244140625 661.2000122070312
698.4000244140625 681.6000366210938
410.4000244140625 682.800048828125
466.8000183105469 662.4000244140625
538.800048828125 657.6000366210938
558.0 661.2000122070312
364.8000183105469 651.6000366210938
409.20001220703125 638.4000244140625
279.6000061035156 675.6000366210938
668.4000244140625 674.4000244140625
643.2000122070312 638.4000244140625
322.8000183105469 684.0
580.800048828125 661.2000122070312
634.800048828125 638.4000244140625
715.2000122070312 673.2000122070312
328.8000183105469 680.4000244140625
319.20001220703125 680.4000244140625
644.4000244140625 657.6000366210938
692.4000244140625 675.6000366210938
597.6000366210938 638.4000244140625
712.800048828125 675.6000366210938
589.2000122070312 638.4000244140625
348.0 636.0
690.0 675.6000366210938
417.6000061035156 645.6000366210938
566.4000244140625 638.4000244140625
561.6000366210938 638.4000244140625
426.0000305175781 645.6000366210938
553.2000122070312 638.4000244140625
432.0000305175781 645.6000366210938
384.0 564.0
462.0000305175781 657.6000366210938
598.800048828125 664.800048828125
538.800048828125 638.4000244140625
644.4000244140625 675.6000366210938
409.20001220703125 645.6000366210938
577.2000122070312 680.4000244140625
516.0 664.800048828125
343.20001220703125 661.2000122070312
318.0 645.6000366210938
304.8000183105469 645.6000366210938
348.0 675.6000366210938
703.2000122070312 684.0
300.0 675.6000366210938
650.4000244140625 638.4000244140625
607.2000122070312 664.800048828125
373.20001220703125 667.2000122070312
637.2000122070312 708.0
584.4000244140625 657.6000366210938
414.0000305175781 730.800048828125
406.8000183105469 603.6000366210938
591.6000366210938 686.4000244140625
530.4000244140625 657.6000366210938
622.800048828125 699.6000366210938
476.4000244140625 658.800048828125
582.0 684.0
379.20001220703125 564.0
439.20001220703125 657.6000366210938
628.800048828125 638.4000244140625
584.4000244140625 664.800048828125
325.20001220703125 636.0
591.6000366210938 651.6000366210938
640.800048828125 680.4000244140625
568.800048828125 651.6000366210938
448.8000183105469 667.2000122070312
547.2000122070312 651.6000366210938
590.4000244140625 658.800048828125
277.20001220703125 673.2000122070312
524.4000244140625 651.6000366210938
522.0 664.800048828125
597.6000366210938 667.2000122070312
574.800048828125 638.4000244140625
501.6000061035156 651.6000366210938
296.4000244140625 680.4000244140625
460.8000183105469 667.2000122070312
499.20001220703125 664.800048828125
493.20001220703125 664.800048828125
478.8000183105469 651.6000366210938
271.20001220703125 811.2000122070312
456.0000305175781 651.6000366210938
396.0000305175781 667.2000122070312
433.20001220703125 651.6000366210938
392.4000244140625 667.2000122070312
424.8000183105469 664.800048828125
493.20001220703125 639.6000366210938
607.2000122070312 692.4000244140625
507.6000061035156 666.0
385.20001220703125 664.800048828125
483.6000061035156 667.2000122070312
487.20001220703125 667.2000122070312
584.4000244140625 651.6000366210938
517.2000122070312 271.20001220703125
420.0000305175781 728.4000244140625
517.2000122070312 273.6000061035156
294.0 681.6000366210938
306.0 681.6000366210938
501.6000061035156 705.6000366210938
364.8000183105469 638.4000244140625
573.6000366210938 728.4000244140625
410.4000244140625 651.6000366210938
358.8000183105469 638.4000244140625
440.4000244140625 638.4000244140625
342.0 638.4000244140625
417.6000061035156 681.6000366210938
621.6000366210938 645.6000366210938
385.20001220703125 657.6000366210938
394.8000183105469 657.6000366210938
606.0 645.6000366210938
438.0000305175781 667.2000122070312
464.4000244140625 667.2000122070312
688.800048828125 645.6000366210938
484.8000183105469 657.6000366210938
427.20001220703125 678.0
589.2000122070312 376.8000183105469
408.0000305175781 657.6000366210938
298.8000183105469 639.6000366210938
679.2000122070312 638.4000244140625
463.20001220703125 638.4000244140625
613.2000122070312 694.800048828125
400.8000183105469 651.6000366210938
302.4000244140625 675.6000366210938
492.0000305175781 376.8000183105469
567.6000366210938 645.6000366210938
673.2000122070312 638.4000244140625
544.800048828125 666.0
372.0 645.6000366210938
562.800048828125 667.2000122070312
441.6000061035156 667.2000122070312
453.6000061035156 666.0
363.6000061035156 702.0
430.8000183105469 666.0
492.0000305175781 705.6000366210938
607.2000122070312 657.6000366210938
590.4000244140625 664.800048828125
585.6000366210938 734.4000244140625
532.800048828125 375.6000061035156
566.4000244140625 679.2000122070312
585.6000366210938 372.0
379.20001220703125 694.800048828125
636.0 657.6000366210938
394.8000183105469 637.2000122070312
553.2000122070312 657.6000366210938
303.6000061035156 637.2000122070312
601.2000122070312 667.2000122070312
720.0 679.2000122070312
528.0 372.0
613.2000122070312 667.2000122070312
394.8000183105469 645.6000366210938
424.8000183105469 658.800048828125
649.2000122070312 661.2000122070312
645.6000366210938 636.0
495.6000061035156 82.80000305175781
400.8000183105469 686.4000244140625
657.6000366210938 684.0
352.8000183105469 636.0
402.0000305175781 736.800048828125
289.20001220703125 684.0
506.4000244140625 710.4000244140625
350.4000244140625 826.800048828125
367.20001220703125 640.800048828125
330.0 636.0
561.6000366210938 372.0
487.20001220703125 710.4000244140625
579.6000366210938 730.800048828125
351.6000061035156 680.4000244140625
379.20001220703125 667.2000122070312
356.4000244140625 657.6000366210938
535.2000122070312 387.6000061035156
681.6000366210938 675.6000366210938
399.6000061035156 662.4000244140625
644.4000244140625 834.0000610351562
370.8000183105469 699.6000366210938
681.6000366210938 745.2000122070312
496.8000183105469 372.0
387.6000061035156 651.6000366210938
642.0 667.2000122070312
638.4000244140625 836.4000244140625
355.20001220703125 651.6000366210938
476.4000244140625 376.8000183105469
468.0000305175781 376.8000183105469
394.8000183105469 687.6000366210938
484.8000183105469 376.8000183105469
556.800048828125 376.8000183105469
548.4000244140625 376.8000183105469
307.20001220703125 636.0
420.0000305175781 376.8000183105469
408.0000305175781 734.4000244140625
411.6000061035156 376.8000183105469
628.800048828125 493.20001220703125
272.4000244140625 680.4000244140625
496.8000183105469 603.6000366210938
559.2000122070312 676.800048828125
613.2000122070312 656.4000244140625
589.2000122070312 728.4000244140625
402.0000305175781 658.800048828125
488.4000244140625 372.0
423.6000061035156 724.800048828125
596.4000244140625 678.0
408.0000305175781 666.0
678.0 675.6000366210938
380.4000244140625 853.2000122070312
722.4000244140625 811.2000122070312
423.6000061035156 372.0
404.4000244140625 728.4000244140625
345.6000061035156 564.0
586.800048828125 602.4000244140625
630.0 836.4000244140625
386.4000244140625 645.6000366210938
426.0000305175781 727.2000122070312
312.0 746.4000244140625
632.4000244140625 603.6000366210938
399.6000061035156 674.4000244140625
664.800048828125 718.800048828125
458.4000244140625 387.6000061035156
508.8000183105469 376.8000183105469
471.6000061035156 373.20001220703125
592.800048828125 381.6000061035156
524.4000244140625 376.8000183105469
570.0 724.800048828125
517.2000122070312 376.8000183105469
380.4000244140625 832.800048828125
524.4000244140625 710.4000244140625
524.4000244140625 564.0
464.4000244140625 372.0
622.800048828125 836.4000244140625
512.4000244140625 224.40000915527344
429.6000061035156 602.4000244140625
385.20001220703125 692.4000244140625
609.6000366210938 602.4000244140625
646.800048828125 834.0000610351562
428.4000244140625 376.8000183105469
424.8000183105469 639.3600463867188
426.2400207519531 678.2400512695312
370.08001708984375 698.4000244140625
691.2000122070312 675.3600463867188
417.6000061035156 637.9200439453125
318.2400207519531 681.1200561523438
440.6400146484375 637.9200439453125
646.5599975585938 675.3600463867188
410.4000244140625 684.0
462.2400207519531 637.9200439453125
468.0000305175781 650.8800048828125
423.3600158691406 660.9600219726562
643.6800537109375 636.4800415039062
372.96002197265625 666.7200317382812
499.6800231933594 663.8400268554688
485.280029296875 637.9200439453125
411.84002685546875 650.8800048828125
597.6000366210938 636.4800415039062
394.5600280761719 636.4800415039062
400.32000732421875 650.8800048828125
508.32000732421875 637.9200439453125
640.800048828125 635.0400390625
394.5600280761719 646.5599975585938
348.4800109863281 635.0400390625
515.52001953125 663.8400268554688
529.9200439453125 637.9200439453125
522.7200317382812 663.8400268554688
378.7200012207031 666.7200317382812
552.9600219726562 637.9200439453125
576.0 637.9200439453125
325.44000244140625 635.0400390625
368.6400146484375 652.3200073242188
388.8000183105469 652.3200073242188
444.96002197265625 652.3200073242188
538.5599975585938 663.8400268554688
456.4800109863281 652.3200073242188
479.52001953125 652.3200073242188
491.0400085449219 652.3200073242188
502.5600280761719 652.3200073242188
512.6400146484375 652.3200073242188
561.6000366210938 663.8400268554688
525.6000366210938 652.3200073242188
417.6000061035156 646.5599975585938
591.8400268554688 663.8400268554688
312.4800109863281 639.3600463867188
606.2400512695312 663.8400268554688
535.6799926757812 652.3200073242188
547.2000122070312 652.3200073242188
558.7200317382812 652.3200073242188
394.5600280761719 666.7200317382812
570.2400512695312 652.3200073242188
403.20001220703125 639.3600463867188
554.4000244140625 666.7200317382812
432.0000305175781 639.3600463867188
581.760009765625 652.3200073242188
593.280029296875 652.3200073242188
447.84002685546875 639.3600463867188
603.3600463867188 652.3200073242188
470.8800048828125 639.3600463867188
624.9600219726562 652.3200073242188
476.6400146484375 639.3600463867188
462.2400207519531 646.5599975585938
499.6800231933594 639.3600463867188
394.5600280761719 656.6400146484375
515.52001953125 639.3600463867188
417.6000061035156 666.7200317382812
538.5599975585938 639.3600463867188
417.6000061035156 656.6400146484375
567.3600463867188 639.3600463867188
583.2000122070312 639.3600463867188
440.6400146484375 666.7200317382812
635.0400390625 639.3600463867188
460.8000183105469 666.7200317382812
483.84002685546875 666.7200317382812
650.8800048828125 639.3600463867188
439.20001220703125 656.6400146484375
673.9200439453125 639.3600463867188
462.2400207519531 656.6400146484375
485.280029296875 656.6400146484375
529.9200439453125 656.6400146484375
576.0 681.1200561523438
552.9600219726562 656.6400146484375
576.0 656.6400146484375
321.1200256347656 640.800048828125
531.3600463867188 666.7200317382812
599.0400390625 656.6400146484375
629.280029296875 656.6400146484375
645.1199951171875 656.6400146484375
538.5599975585938 658.0800170898438
440.6400146484375 646.5599975585938
496.8000183105469 83.52000427246094
688.3200073242188 636.4800415039062
485.280029296875 646.5599975585938
344.1600036621094 640.800048828125
561.6000366210938 658.0800170898438
388.8000183105469 640.800048828125
456.4800109863281 640.800048828125
385.9200134277344 659.52001953125
606.2400512695312 643.6800537109375
524.1600341796875 640.800048828125
447.84002685546875 659.52001953125
508.32000732421875 646.5599975585938
476.6400146484375 659.52001953125
499.6800231933594 659.52001953125
545.760009765625 659.52001953125
591.8400268554688 640.800048828125
604.800048828125 640.800048828125
590.4000244140625 659.52001953125
388.8000183105469 660.9600219726562
577.4400024414062 666.7200317382812
410.4000244140625 660.9600219726562
626.4000244140625 640.800048828125
659.52001953125 640.800048828125
665.280029296875 646.5599975585938
591.8400268554688 737.280029296875
597.6000366210938 666.7200317382812
694.0800170898438 640.800048828125
590.4000244140625 643.6800537109375
673.9200439453125 681.1200561523438
355.6800231933594 642.2400512695312
433.44000244140625 660.9600219726562
444.96002197265625 660.9600219726562
600.4800415039062 666.7200317382812
411.84002685546875 642.2400512695312
456.4800109863281 660.9600219726562
614.8800048828125 666.7200317382812
420.4800109863281 727.2000122070312
468.0000305175781 660.9600219726562
423.3600158691406 642.2400512695312
696.9600219726562 681.1200561523438
434.8800048828125 642.2400512695312
479.52001953125 660.9600219726562
491.0400085449219 660.9600219726562
502.5600280761719 660.9600219726562
524.1600341796875 660.9600219726562
446.4000244140625 642.2400512695312
468.0000305175781 642.2400512695312
576.0 646.5599975585938
586.0800170898438 732.9600219726562
537.1199951171875 660.9600219726562
479.52001953125 642.2400512695312
558.7200317382812 660.9600219726562
570.2400512695312 660.9600219726562
491.0400085449219 642.2400512695312
502.5600280761719 642.2400512695312
535.6799926757812 642.2400512695312
573.1199951171875 727.2000122070312
547.2000122070312 642.2400512695312
558.7200317382812 642.2400512695312
581.760009765625 660.9600219726562
593.280029296875 660.9600219726562
588.9600219726562 727.2000122070312
276.4800109863281 673.9200439453125
604.800048828125 660.9600219726562
385.9200134277344 663.8400268554688
424.8000183105469 663.8400268554688
668.1600341796875 675.3600463867188
447.84002685546875 663.8400268554688
469.4400329589844 663.8400268554688
476.6400146484375 663.8400268554688
552.9600219726562 646.5599975585938
583.2000122070312 643.6800537109375
492.4800109863281 663.8400268554688
508.32000732421875 656.6400146484375
407.52001953125 732.9600219726562
341.2799987792969 643.6800537109375
599.0400390625 688.3200073242188
384.4800109863281 691.2000122070312
534.2400512695312 387.3600158691406
432.0000305175781 645.1199951171875
637.9200439453125 707.0400390625
538.5599975585938 645.1199951171875
378.7200012207031 695.52001953125
594.7200317382812 731.52001953125
318.2400207519531 643.6800537109375
714.2400512695312 673.9200439453125
583.2000122070312 682.5599975585938
300.96002197265625 675.3600463867188
607.6800537109375 692.6400146484375
686.8800048828125 679.6800537109375
663.8400268554688 679.6800537109375
413.280029296875 730.0800170898438
622.0800170898438 698.4000244140625
614.8800048828125 694.0800170898438
499.6800231933594 643.6800537109375
567.3600463867188 643.6800537109375
529.9200439453125 646.5599975585938
515.52001953125 643.6800537109375
591.8400268554688 685.4400024414062
324.0 675.3600463867188
629.280029296875 701.280029296875
401.760009765625 643.6800537109375
364.32000732421875 702.7200317382812
636.4800415039062 642.2400512695312
599.0400390625 646.5599975585938
470.8800048828125 643.6800537109375
580.3200073242188 730.0800170898438
387.3600158691406 643.6800537109375
596.1600341796875 678.2400512695312
404.6400146484375 728.6400146484375
516.9600219726562 273.6000061035156
401.760009765625 685.4400024414062
567.3600463867188 678.2400512695312
633.6000366210938 695.52001953125
496.8000183105469 372.96002197265625
544.3200073242188 364.32000732421875
424.8000183105469 387.3600158691406
316.8000183105469 603.3600463867188
619.2000122070312 666.7200317382812
312.4800109863281 744.4800415039062
646.5599975585938 833.760009765625
324.0 724.3200073242188
678.2400512695312 675.3600463867188
561.6000366210938 372.96002197265625
721.4400024414062 809.280029296875
704.1600341796875 781.9200439453125
270.7200012207031 809.280029296875
642.2400512695312 666.7200317382812
584.6400146484375 724.3200073242188
646.5599975585938 666.7200317382812
496.8000183105469 381.6000061035156
289.44000244140625 781.9200439453125
434.8800048828125 676.800048828125
558.7200317382812 676.800048828125
663.8400268554688 718.56005859375
361.44000244140625 684.0
640.800048828125 699.8400268554688
410.4000244140625 725.760009765625
351.3600158691406 826.56005859375
303.84002685546875 646.5599975585938
407.52001953125 603.3600463867188
681.1200561523438 743.0400390625
400.32000732421875 673.9200439453125
378.7200012207031 675.3600463867188
599.0400390625 731.52001953125
347.0400085449219 675.3600463867188
511.20001220703125 226.0800018310547
672.4800415039062 650.8800048828125
436.32000732421875 673.9200439453125
426.2400207519531 725.760009765625
577.4400024414062 342.7200012207031
394.5600280761719 731.52001953125
335.52001953125 675.3600463867188
436.32000732421875 564.4800415039062
329.760009765625 635.0400390625
354.2400207519531 650.8800048828125
538.5599975585938 358.5600280761719
538.5599975585938 627.8400268554688
501.1200256347656 119.52000427246094
493.9200134277344 627.8400268554688
398.8800048828125 731.52001953125
426.2400207519531 627.8400268554688
364.32000732421875 637.9200439453125
321.1200256347656 650.8800048828125
640.800048828125 679.6800537109375
679.6800537109375 637.9200439453125
476.6400146484375 208.8000030517578
584.6400146484375 372.96002197265625
420.4800109863281 364.32000732421875
396.0000305175781 740.1600341796875
417.6000061035156 681.1200561523438
378.7200012207031 564.4800415039062
354.2400207519531 707.0400390625
348.4800109863281 655.2000122070312
413.280029296875 352.8000183105469
535.6799926757812 588.9600219726562
502.5600280761719 695.52001953125
295.20001220703125 681.1200561523438
532.800048828125 375.84002685546875
613.4400024414062 655.2000122070312
371.52001953125 646.5599975585938
306.7200012207031 681.1200561523438
329.760009765625 717.1200561523438
590.4000244140625 375.84002685546875
528.4800415039062 372.96002197265625
424.8000183105469 371.52001953125
455.0400085449219 341.2799987792969
400.32000732421875 737.280029296875
506.8800048828125 666.7200317382812
574.5599975585938 673.9200439453125
298.08001708984375 640.800048828125
351.3600158691406 701.280029296875
599.0400390625 740.1600341796875
666.7200317382812 721.4400024414062
622.0800170898438 646.5599975585938
512.6400146484375 161.27999877929688
362.8800048828125 658.0800170898438
309.6000061035156 650.8800048828125
601.9200439453125 734.4000244140625
581.760009765625 557.280029296875
571.6799926757812 557.280029296875
492.4800109863281 377.280029296875
393.1200256347656 734.4000244140625
459.3600158691406 387.3600158691406
688.3200073242188 646.5599975585938
567.3600463867188 725.760009765625
455.0400085449219 358.5600280761719
380.1600036621094 653.760009765625
563.0400390625 387.3600158691406
501.1200256347656 705.6000366210938
273.6000061035156 681.1200561523438
453.6000061035156 375.84002685546875
630.7200317382812 701.5680541992188
454.46405029296875 660.0960693359375
566.7840576171875 677.3760375976562
412.9920349121094 730.944091796875
463.1040344238281 648.0000610351562
440.6400451660156 648.0000610351562
485.56805419921875 648.0000610351562
508.03204345703125 648.0000610351562
530.4960327148438 648.0000610351562
535.6800537109375 651.4560546875
552.9600830078125 648.0000610351562
575.424072265625 648.0000610351562
432.0000305175781 660.0960693359375
597.8880615234375 648.0000610351562
570.2400512695312 673.9200439453125
402.6240234375 642.8160400390625
409.5360412597656 642.8160400390625
409.5360412597656 660.0960693359375
376.70404052734375 694.6560668945312
549.5040283203125 651.4560546875
445.82403564453125 661.8240356445312
604.800048828125 641.0880737304688
387.072021484375 661.8240356445312
594.4320678710938 736.1280517578125
558.14404296875 651.4560546875
492.48004150390625 661.8240356445312
599.6160278320312 687.7440795898438
594.4320678710938 677.3760375976562
615.1680297851562 677.3760375976562
463.1040344238281 635.904052734375
568.5120239257812 661.8240356445312
470.01605224609375 661.8240356445312
615.1680297851562 667.008056640625
599.6160278320312 667.008056640625
577.1520385742188 667.008056640625
582.3360595703125 661.8240356445312
571.9680786132812 651.4560546875
552.9600830078125 637.632080078125
425.0880432128906 642.8160400390625
552.9600830078125 667.008056640625
590.97607421875 661.8240356445312
552.9600830078125 656.6400756835938
584.0640258789062 682.56005859375
530.4960327148438 656.6400756835938
463.1040344238281 656.6400756835938
508.03204345703125 656.6400756835938
432.0000305175781 642.8160400390625
672.1920776367188 641.0880737304688
390.5280456542969 651.4560546875
485.56805419921875 656.6400756835938
649.7280883789062 641.0880737304688
635.904052734375 641.0880737304688
622.080078125 698.112060546875
582.3360595703125 641.0880737304688
478.6560363769531 661.8240356445312
399.16802978515625 736.1280517578125
597.8880615234375 635.904052734375
514.9440307617188 661.8240356445312
580.6080322265625 651.4560546875
319.6800231933594 641.0880737304688
546.0480346679688 661.8240356445312
530.4960327148438 635.904052734375
447.5520324707031 642.8160400390625
432.0000305175781 663.5520629882812
412.9920349121094 651.4560546875
454.46405029296875 642.8160400390625
421.6320495605469 651.4560546875
470.01605224609375 642.8160400390625
575.424072265625 679.1040649414062
597.8880615234375 732.6720581054688
585.7920532226562 732.6720581054688
590.97607421875 642.8160400390625
476.92803955078125 642.8160400390625
492.48004150390625 642.8160400390625
489.0240478515625 653.18408203125
568.5120239257812 642.8160400390625
435.4560546875 651.4560546875
444.0960388183594 651.4560546875
409.5360412597656 732.6720581054688
559.8720703125 642.8160400390625
418.176025390625 648.0000610351562
501.12005615234375 642.8160400390625
637.632080078125 705.0240478515625
457.9200439453125 651.4560546875
575.424072265625 656.6400756835938
546.0480346679688 642.8160400390625
438.91204833984375 667.008056640625
466.56005859375 651.4560546875
537.4080810546875 642.8160400390625
537.4080810546875 661.8240356445312
378.4320373535156 665.2800903320312
523.5840454101562 642.8160400390625
603.0720825195312 651.4560546875
501.12005615234375 661.8240356445312
416.4480285644531 656.6400756835938
480.384033203125 651.4560546875
514.9440307617188 642.8160400390625
423.36004638671875 661.8240356445312
594.4320678710938 651.4560546875
599.6160278320312 656.6400756835938
440.6400451660156 637.632080078125
502.8480529785156 651.4560546875
485.56805419921875 635.904052734375
523.5840454101562 661.8240356445312
418.176025390625 635.904052734375
511.488037109375 651.4560546875
575.424072265625 637.632080078125
409.5360412597656 682.56005859375
438.91204833984375 656.6400756835938
615.1680297851562 694.6560668945312
559.8720703125 661.8240356445312
606.528076171875 660.0960693359375
355.9680480957031 641.0880737304688
412.9920349121094 352.51202392578125
395.7120361328125 739.5840454101562
421.6320495605469 727.4880981445312
556.4160766601562 566.7840576171875
404.35205078125 673.9200439453125
578.8800659179688 831.1680908203125
606.528076171875 691.2000732421875
357.696044921875 696.3840942382812
418.176025390625 675.6480712890625
571.9680786132812 727.4880981445312
573.696044921875 673.9200439453125
418.176025390625 352.51202392578125
419.904052734375 364.6080322265625
634.1760864257812 696.3840942382812
630.7200317382812 684.2880859375
378.4320373535156 675.6480712890625
321.40802001953125 651.4560546875
323.1360168457031 675.6480712890625
395.7120361328125 635.904052734375
385.3440246582031 689.4720458984375
368.06402587890625 651.4560546875
371.5200500488281 698.112060546875
601.3440551757812 734.4000854492188
530.4960327148438 667.008056640625
694.6560668945312 641.0880737304688
606.528076171875 673.9200439453125
378.4320373535156 656.6400756835938
387.072021484375 642.8160400390625
399.16802978515625 651.4560546875
361.15203857421875 684.2880859375
516.6720581054688 274.75201416015625
544.320068359375 364.6080322265625
641.0880737304688 699.840087890625
350.7840270996094 701.5680541992188
715.39208984375 673.9200439453125
485.56805419921875 667.008056640625
461.37603759765625 667.008056640625
276.48004150390625 675.6480712890625
361.15203857421875 701.5680541992188
663.5520629882812 679.1040649414062
400.8960266113281 673.9200439453125
395.7120361328125 732.6720581054688
350.7840270996094 635.904052734375
393.9840393066406 648.0000610351562
580.6080322265625 730.944091796875
416.4480285644531 667.008056640625
392.25604248046875 686.0160522460938
393.9840393066406 667.008056640625
665.2800903320312 635.904052734375
437.1840515136719 565.0560302734375
423.36004638671875 387.072021484375
317.9520263671875 680.8320922851562
627.2640380859375 641.0880737304688
452.7360534667969 354.2400207519531
438.91204833984375 673.9200439453125
411.2640380859375 725.7600708007812
582.3360595703125 556.4160766601562
373.248046875 665.2800903320312
670.4640502929688 651.4560546875
673.9200439453125 680.8320922851562
620.35205078125 665.2800903320312
568.5120239257812 725.7600708007812
582.3360595703125 725.7600708007812
585.7920532226562 725.7600708007812
660.0960693359375 641.0880737304688
687.7440795898438 680.8320922851562
667.008056640625 648.0000610351562
625.5360717773438 651.4560546875
623.8080444335938 680.8320922851562
587.5200805664062 673.9200439453125
525.3120727539062 349.0560302734375
311.0400390625 639.3600463867188
644.5440673828125 832.8960571289062
696.3840942382812 680.8320922851562
546.0480346679688 352.51202392578125
642.8160400390625 635.904052734375
525.3120727539062 651.4560546875
402.6240234375 686.0160522460938
369.7920227050781 680.8320922851562
418.176025390625 680.8320922851562
459.6480407714844 388.800048828125
387.072021484375 673.9200439453125
533.9520263671875 388.800048828125
425.0880432128906 677.3760375976562
611.7120361328125 673.9200439453125
691.2000732421875 675.6480712890625
668.736083984375 675.6480712890625
597.8880615234375 739.5840454101562
646.2720336914062 675.6480712890625
558.14404296875 675.6480712890625
590.97607421875 686.0160522460938
342.14404296875 641.0880737304688
407.80804443359375 725.7600708007812
355.9680480957031 706.7520751953125
330.04803466796875 717.1200561523438
499.3920593261719 582.3360595703125
687.7440795898438 646.2720336914062
466.56005859375 347.3280334472656
411.2640380859375 364.6080322265625
528.76806640625 371.5200500488281
628.9920654296875 656.6400756835938
478.6560363769531 352.51202392578125
466.56005859375 355.9680480957031
454.46405029296875 340.4160461425781
407.80804443359375 675.6480712890625
508.03204345703125 667.008056640625
613.4400634765625 654.9120483398438
380.1600341796875 834.6240844726562
680.8320922851562 639.3600463867188
644.5440673828125 656.6400756835938
682.56005859375 744.76806640625
563.3280639648438 475.2000427246094
423.36004638671875 371.5200500488281
571.9680786132812 556.4160766601562
504.5760498046875 69.12001037597656
501.12005615234375 120.96001434326172
312.7680358886719 744.76806640625
552.9600830078125 354.2400207519531
271.2960205078125 808.7041015625
449.280029296875 388.800048828125
480.384033203125 250.56002807617188
300.6720275878906 675.6480712890625
646.2720336914062 667.008056640625
419.904052734375 347.3280334472656
411.2640380859375 556.4160766601562
627.2640380859375 680.8320922851562
561.6000366210938 627.2640380859375
667.008056640625 720.5760498046875
668.736083984375 654.9120483398438
440.6400451660156 352.51202392578125
371.5200500488281 646.2720336914062
706.7520751953125 784.5120849609375
475.2000427246094 184.89601135253906
350.7840270996094 827.7120971679688
475.2000427246094 207.36001586914062
454.46405029296875 357.696044921875
580.6080322265625 352.51202392578125
642.8160400390625 667.008056640625
605.4912719726562 690.5089111328125
582.6817016601562 555.724853515625
454.11846923828125 356.65924072265625
391.91046142578125 653.18408203125
414.7200622558594 653.18408203125
416.7936706542969 360.80645751953125
532.915283203125 387.76324462890625
503.8848571777344 651.1104736328125
437.5296630859375 653.18408203125
369.1008605957031 682.2144775390625
443.7504577636719 651.1104736328125
458.2656555175781 387.76324462890625
476.9280700683594 642.8161010742188
640.7424926757812 700.8768920898438
632.4480590820312 700.8768920898438
454.11846923828125 642.8161010742188
528.76806640625 360.80645751953125
373.248046875 665.6256713867188
425.08807373046875 385.6896667480469
642.8161010742188 636.5952758789062
539.1360473632812 661.478515625
420.94085693359375 651.1104736328125
412.6464538574219 362.88006591796875
545.3568725585938 661.478515625
360.80645751953125 700.8768920898438
352.5120544433594 700.8768920898438
499.7376708984375 640.7424926757812
545.3568725585938 362.88006591796875
447.8976745605469 642.8161010742188
398.1312561035156 651.1104736328125
431.3088684082031 642.8161010742188
379.4688415527344 675.9937133789062
491.4432678222656 640.7424926757812
323.4816589355469 651.1104736328125
418.86724853515625 675.9937133789062
423.01446533203125 675.9937133789062
462.4128723144531 655.2576904296875
622.080078125 696.7296752929688
485.22247314453125 655.2576904296875
659.4049072265625 640.7424926757812
435.4560546875 675.9937133789062
508.0320739746094 655.2576904296875
632.4480590820312 613.7857055664062
402.2784423828125 642.8161010742188
306.8928527832031 651.1104736328125
468.6336669921875 640.7424926757812
485.22247314453125 649.036865234375
377.395263671875 657.331298828125
313.1136474609375 640.7424926757812
319.3344421386719 640.7424926757812
508.0320739746094 364.9536437988281
624.1536865234375 680.140869140625
393.98406982421875 665.6256713867188
402.2784423828125 684.2880859375
497.6640625 118.1952133178711
354.5856628417969 696.7296752929688
613.7857055664062 657.331298828125
425.08807373046875 640.7424926757812
418.86724853515625 680.140869140625
387.76324462890625 642.8161010742188
673.9201049804688 640.7424926757812
462.4128723144531 649.036865234375
410.5728454589844 640.7424926757812
568.16650390625 675.9937133789062
561.9456787109375 661.478515625
568.16650390625 661.478515625
439.603271484375 649.036865234375
601.3440551757812 651.1104736328125
584.7553100585938 661.478515625
667.6992797851562 675.9937133789062
615.8593139648438 694.6561279296875
549.5040893554688 651.1104736328125
574.3872680664062 678.0673217773438
613.7857055664062 678.0673217773438
590.97607421875 661.478515625
595.123291015625 651.1104736328125
356.65924072265625 640.7424926757812
375.3216552734375 694.6561279296875
605.4912719726562 661.478515625
568.16650390625 642.8161010742188
418.86724853515625 570.2400512695312
682.2144775390625 744.4224853515625
599.2705078125 738.2017211914062
393.98406982421875 738.2017211914062
599.2705078125 734.0545043945312
396.0576477050781 734.0545043945312
582.6817016601562 729.9072875976562
408.499267578125 727.8336791992188
584.7553100585938 725.7601318359375
570.2400512695312 725.7601318359375
423.01446533203125 725.7601318359375
387.76324462890625 661.478515625
329.70245361328125 717.4656982421875
636.5952758789062 705.0241088867188
354.5856628417969 705.0241088867188
410.5728454589844 661.478515625
532.915283203125 651.1104736328125
418.86724853515625 344.2176513671875
425.08807373046875 661.478515625
416.7936706542969 649.036865234375
416.7936706542969 665.6256713867188
454.11846923828125 340.0704345703125
418.86724853515625 340.0704345703125
439.603271484375 665.6256713867188
367.0272521972656 649.036865234375
431.3088684082031 661.478515625
371.1744384765625 696.7296752929688
462.4128723144531 665.6256713867188
665.6256713867188 646.9633178710938
622.080078125 646.9633178710938
485.22247314453125 665.6256713867188
572.3136596679688 651.1104736328125
447.8976745605469 661.478515625
508.0320739746094 665.6256713867188
371.1744384765625 646.9633178710938
530.8416748046875 665.6256713867188
553.6513061523438 665.6256713867188
576.4608764648438 665.6256713867188
466.56005859375 348.3648376464844
526.6944580078125 348.3648376464844
454.11846923828125 661.478515625
582.6817016601562 640.7424926757812
649.036865234375 640.7424926757812
559.8720703125 640.7424926757812
599.2705078125 665.6256713867188
410.5728454589844 352.5120544433594
601.3440551757812 686.3616943359375
468.6336669921875 661.478515625
555.724853515625 651.1104736328125
605.4912719726562 642.8161010742188
418.86724853515625 352.5120544433594
476.9280700683594 661.478515625
445.8240661621094 352.5120544433594
454.11846923828125 352.5120544433594
479.0016784667969 352.5120544433594
615.8593139648438 665.6256713867188
522.5473022460938 352.5120544433594
545.3568725585938 352.5120544433594
545.3568725585938 642.8161010742188
636.5952758789062 640.7424926757812
383.6160583496094 686.3616943359375
360.80645751953125 686.3616943359375
385.6896667480469 673.9201049804688
630.37451171875 684.2880859375
491.4432678222656 661.478515625
580.6080932617188 352.5120544433594
590.97607421875 684.2880859375
410.5728454589844 555.724853515625
499.7376708984375 661.478515625
522.5473022460938 642.8161010742188
514.2528686523438 661.478515625
408.499267578125 684.2880859375
420.94085693359375 555.724853515625
522.5473022460938 661.478515625
404.35205078125 673.9201049804688
584.7553100585938 682.2144775390625
590.97607421875 673.9201049804688
607.5648803710938 673.9201049804688
425.08807373046875 354.5856628417969
578.5344848632812 651.1104736328125
466.56005859375 354.5856628417969
715.39208984375 673.9201049804688
572.3136596679688 555.724853515625
514.2528686523438 640.7424926757812
561.9456787109375 472.7808532714844
406.4256591796875 613.7857055664062
385.6896667480469 613.7857055664062
545.3568725585938 346.291259765625
640.7424926757812 555.724853515625
551.5776977539062 555.724853515625
317.2608337402344 680.140869140625
441.6768493652344 555.724853515625
474.8544616699219 613.7857055664062
663.5521240234375 680.140869140625
350.4384460449219 636.5952758789062
564.019287109375 389.83685302734375
393.98406982421875 634.5216674804688
311.0400390625 744.4224853515625
443.7504577636719 570.2400512695312
439.603271484375 352.5120544433594
692.58251953125 566.0928955078125
323.4816589355469 675.9937133789062
452.04486083984375 613.7857055664062
362.88006591796875 613.7857055664062
474.8544616699219 342.14404296875
514.2528686523438 358.73284912109375
418.86724853515625 389.83685302734375
686.3616943359375 649.036865234375
423.01446533203125 570.2400512695312
441.6768493652344 673.9201049804688
497.6640625 613.7857055664062
518.4000854492188 611.7120971679688
406.4256591796875 427.1616516113281
543.2832641601562 613.7857055664062
549.5040893554688 423.01446533203125
665.6256713867188 636.5952758789062
564.019287109375 613.7857055664062
586.828857421875 613.7857055664062
555.724853515625 675.9937133789062
667.6992797851562 721.6129150390625
445.8240661621094 362.88006591796875
431.3088684082031 474.8544616699219
298.59844970703125 566.0928955078125
609.6384887695312 613.7857055664062
302.7456359863281 655.2576904296875
675.9937133789062 611.7120971679688
277.8624267578125 675.9937133789062
481.07525634765625 248.83203125
692.58251953125 675.9937133789062
587.24365234375 681.7998657226562
532.5006103515625 388.1780090332031
460.33929443359375 388.1780090332031
634.521728515625 691.7531127929688
530.0122680664062 649.45166015625
373.2480773925781 676.8231811523438
569.825439453125 676.8231811523438
619.591796875 676.8231811523438
420.52618408203125 676.8231811523438
373.2480773925781 691.7531127929688
358.31817626953125 691.7531127929688
427.99114990234375 651.9400024414062
410.5729064941406 659.4049682617188
475.26922607421875 614.6151733398438
497.66412353515625 614.6151733398438
681.7998657226562 739.0311889648438
597.1969604492188 734.0545654296875
395.6429748535156 734.0545654296875
440.4327392578125 554.8955078125
564.8487548828125 614.6151733398438
584.7553100585938 726.589599609375
574.8020629882812 649.45166015625
408.0845642089844 726.589599609375
363.2947998046875 614.6151733398438
378.2247314453125 656.9166259765625
525.03564453125 350.85321044921875
455.3626708984375 340.8999328613281
405.59625244140625 679.3115234375
303.5751037597656 651.9400024414062
450.3860168457031 340.8999328613281
423.0144958496094 340.8999328613281
418.0378723144531 340.8999328613281
614.6151733398438 656.9166259765625
455.3626708984375 353.3415222167969
373.2480773925781 664.381591796875
617.103515625 664.381591796875
537.4772338867188 353.3415222167969
388.1780090332031 639.4984130859375
507.6174011230469 649.45166015625
544.9421997070312 353.3415222167969
467.80426025390625 350.85321044921875
637.0100708007812 704.1947021484375
410.5729064941406 333.4349670410156
527.5239868164062 358.31817626953125
410.5729064941406 350.85321044921875
393.1546630859375 651.9400024414062
602.173583984375 686.7764892578125
632.033447265625 701.7064208984375
355.829833984375 701.7064208984375
385.689697265625 674.3348999023438
639.4984130859375 699.2180786132812
544.9421997070312 393.1546630859375
447.897705078125 393.1546630859375
403.1079406738281 674.3348999023438
415.5495300292969 651.9400024414062
415.5495300292969 360.8064880371094
627.0567626953125 684.2881469726562
597.1969604492188 649.45166015625
589.7319946289062 674.3348999023438
388.1780090332031 684.2881469726562
440.4327392578125 651.9400024414062
515.0823364257812 360.8064880371094
363.2947998046875 684.2881469726562
462.82763671875 651.9400024414062
577.2904052734375 390.66632080078125
500.1524353027344 582.2670288085938
607.1502075195312 674.3348999023438
549.9188232421875 420.52618408203125
388.1780090332031 661.8932495117188
617.103515625 694.241455078125
370.759765625 646.96337890625
679.3115234375 614.6151733398438
385.689697265625 614.6151733398438
420.52618408203125 572.313720703125
408.0845642089844 614.6151733398438
325.9700012207031 714.1480102539062
669.3582153320312 651.9400024414062
604.6619262695312 639.4984130859375
487.7108459472656 634.521728515625
567.3370971679688 385.689697265625
430.4794616699219 614.6151733398438
452.8743591308594 614.6151733398438
641.9866943359375 554.8955078125
311.0400695800781 741.51953125
520.0590209960938 614.6151733398438
510.105712890625 363.2947998046875
517.5706787109375 340.8999328613281
544.9421997070312 614.6151733398438
445.4093933105469 340.8999328613281
587.24365234375 554.8955078125
418.0378723144531 390.66632080078125
510.105712890625 634.521728515625
562.3604736328125 554.8955078125
497.66412353515625 116.95106506347656
472.7809143066406 363.2947998046875
691.7531127929688 564.8487548828125
582.2670288085938 350.85321044921875
320.99334716796875 639.4984130859375
425.5028076171875 353.3415222167969
587.24365234375 614.6151733398438
562.3604736328125 470.2926025390625
554.8955078125 674.3348999023438
437.9444274902344 674.3348999023438
609.6385498046875 614.6151733398438
485.2225036621094 258.78533935546875
632.033447265625 614.6151733398438
423.0144958496094 385.689697265625
654.4283447265625 614.6151733398438
323.481689453125 651.9400024414062
584.7553100585938 328.45831298828125
552.4071655273438 634.521728515625
602.173583984375 318.5050354003906
480.2458801269531 350.85321044921875
569.825439453125 552.4071655273438
622.0801391601562 646.96337890625
470.2926025390625 263.7619934082031
577.2904052734375 525.03564453125
507.6174011230469 124.41603088378906
423.0144958496094 552.4071655273438
671.8465576171875 639.4984130859375
480.2458801269531 248.83206176757812
510.105712890625 582.2670288085938
480.2458801269531 213.99557495117188
562.3604736328125 388.1780090332031
445.4093933105469 360.8064880371094
415.5495300292969 634.521728515625
405.59625244140625 425.5028076171875
666.8699340820312 719.1246337890625
298.5984802246094 564.8487548828125
440.4327392578125 634.521728515625
340.8999328613281 614.6151733398438
689.2648315429688 649.45166015625
574.8020629882812 634.521728515625
544.9421997070312 343.38824462890625
502.6407470703125 355.829833984375
345.8765563964844 711.65966796875
637.0100708007812 639.4984130859375
430.4794616699219 472.7809143066406
584.7553100585938 388.1780090332031
515.0823364257812 213.99557495117188
318.5050354003906 614.6151733398438
562.3604736328125 485.2225036621094
574.8020629882812 350.85321044921875
462.82763671875 634.521728515625
597.1969604492188 634.521728515625
423.0144958496094 726.589599609375
485.2225036621094 124.41603088378906
537.4772338867188 340.8999328613281
475.26922607421875 340.8999328613281
487.7108459472656 353.3415222167969
432.9677734375 388.1780090332031
721.6129760742188 806.2158813476562
706.6830444335938 778.8443603515625
480.2458801269531 156.76419067382812
373.2480773925781 614.6151733398438
462.82763671875 666.8699340820312
482.73419189453125 363.2947998046875
569.825439453125 724.101318359375
437.9444274902344 350.85321044921875
311.0400695800781 639.4984130859375
395.6429748535156 634.521728515625
554.8955078125 350.85321044921875
440.4327392578125 418.0378723144531
413.06121826171875 430.4794616699219
355.829833984375 639.4984130859375
410.5729064941406 420.52618408203125
420.52618408203125 405.59625244140625
475.26922607421875 216.48388671875
547.4305419921875 398.13128662109375
465.3159484863281 450.3860168457031
530.0122680664062 666.8699340820312
721.6129760742188 694.241455078125
574.8020629882812 537.4772338867188
475.26922607421875 186.62403869628906
442.9210510253906 572.313720703125
415.0518798828125 650.9447021484375
570.3231201171875 677.8185424804688
597.1969604492188 650.9447021484375
597.1969604492188 674.8325805664062
370.2621154785156 692.7484741210938
525.5333251953125 358.31817626953125
382.2060546875 677.8185424804688
633.02880859375 692.7484741210938
603.1689453125 689.7625122070312
597.1969604492188 737.5382690429688
394.1499938964844 734.55224609375
585.2530517578125 728.580322265625
406.09393310546875 728.580322265625
468.79962158203125 352.34619140625
358.31817626953125 692.7484741210938
636.0147705078125 701.7064208984375
627.0568237304688 683.79052734375
576.2950439453125 650.9447021484375
355.3321838378906 701.7064208984375
373.24810791015625 677.8185424804688
618.098876953125 695.7344360351562
552.4071655273438 650.9447021484375
531.5053100585938 391.16400146484375
459.8416748046875 391.16400146484375
447.897705078125 340.40228271484375
528.519287109375 650.9447021484375
507.617431640625 650.9447021484375
373.24810791015625 665.8746337890625
385.1920471191406 683.79052734375
483.72955322265625 650.9447021484375
459.8416748046875 650.9447021484375
438.93975830078125 650.9447021484375
537.477294921875 352.34619140625
364.2901611328125 683.79052734375
465.8136291503906 358.31817626953125
409.0799255371094 334.4302978515625
615.1128540039062 662.8886108398438
453.86968994140625 352.34619140625
403.1079406738281 680.8045654296875
582.2670288085938 555.3931884765625
522.54736328125 352.34619140625
618.098876953125 677.8185424804688
394.1499938964844 650.9447021484375
606.1549072265625 677.8185424804688
588.239013671875 677.8185424804688
421.02386474609375 677.8185424804688
546.4352416992188 361.3041687011719
403.1079406738281 388.17803955078125
418.0378723144531 573.30908203125
680.8045654296875 740.5242309570312
444.9117431640625 662.8886108398438
477.757568359375 662.8886108398438
388.17803955078125 641.9867553710938
540.4632568359375 650.9447021484375
558.379150390625 662.8886108398438
364.2901611328125 618.098876953125
519.5613403320312 364.2901611328125
597.1969604492188 618.098876953125
591.2249755859375 662.8886108398438
567.3370971679688 615.1128540039062
561.3651123046875 471.78558349609375
564.3511352539062 653.9306640625
426.9958190917969 650.9447021484375
543.44921875 343.38824462890625
468.79962158203125 292.62652587890625
498.6594543457031 615.1128540039062
543.44921875 618.098876953125
441.9257507324219 388.17803955078125
477.757568359375 615.1128540039062
424.00982666015625 292.62652587890625
429.9818115234375 671.8465576171875
612.1268920898438 615.1128540039062
477.757568359375 286.654541015625
677.8185424804688 615.1128540039062
471.78558349609375 364.2901611328125
388.17803955078125 615.1128540039062
549.4212036132812 429.9818115234375
656.9166259765625 615.1128540039062
298.5984802246094 567.3370971679688
546.4352416992188 662.8886108398438
415.0518798828125 361.3041687011719
447.897705078125 621.0848388671875
415.0518798828125 394.1499938964844
689.7625122070312 567.3370971679688
522.54736328125 615.1128540039062
432.9678039550781 552.4071655273438
552.4071655273438 618.098876953125
549.4212036132812 418.0378723144531
537.477294921875 621.0848388671875
516.5753784179688 340.40228271484375
567.3370971679688 552.4071655273438
421.02386474609375 343.38824462890625
558.379150390625 621.0848388671875
474.7715759277344 340.40228271484375
456.8556823730469 615.1128540039062
450.8836975097656 653.9306640625
513.58935546875 662.8886108398438
641.9867553710938 618.098876953125
409.0799255371094 618.098876953125
432.9678039550781 615.1128540039062
444.9117431640625 361.3041687011719
647.9586791992188 621.0848388671875
406.09393310546875 424.00982666015625
480.7435607910156 212.00491333007812
483.72955322265625 618.098876953125
370.2621154785156 647.9586791992188
576.2950439453125 391.16400146484375
588.239013671875 615.1128540039062
424.00982666015625 621.0848388671875
498.6594543457031 585.2530517578125
549.4212036132812 388.17803955078125
507.617431640625 582.2670288085938
435.95379638671875 674.8325805664062
301.58447265625 650.9447021484375
379.2200622558594 621.0848388671875
403.1079406738281 621.0848388671875
576.2950439453125 525.5333251953125
603.1689453125 641.9867553710938
495.6734619140625 116.45340728759766
633.02880859375 618.098876953125
483.72955322265625 125.41136169433594
600.1829223632812 316.514404296875
686.7764892578125 618.098876953125
561.3651123046875 483.72955322265625
603.1689453125 621.0848388671875
492.6875 621.0848388671875
513.58935546875 621.0848388671875
468.79962158203125 621.0848388671875
582.2670288085938 621.0848388671875
328.45831298828125 567.3370971679688
546.4352416992188 352.34619140625
570.3231201171875 725.5942993164062
621.0848388671875 647.9586791992188
310.54241943359375 740.5242309570312
695.7344360351562 603.1689453125
325.47235107421875 713.650390625
585.2530517578125 328.45831298828125
334.4302978515625 621.0848388671875
418.0378723144531 406.09393310546875
644.9727172851562 552.4071655273438
444.9117431640625 352.34619140625
429.9818115234375 391.16400146484375
313.5284118652344 621.0848388671875
441.9257507324219 418.0378723144531
668.860595703125 650.9447021484375
537.477294921875 619.8904418945312
404.8995361328125 386.983642578125
358.31817626953125 691.5540771484375
576.8922729492188 555.3931884765625
415.64910888671875 555.3931884765625
487.312744140625 652.1390991210938
605.5577392578125 687.970947265625
627.0568237304688 684.3877563476562
695.1372680664062 605.5577392578125
469.3968200683594 619.8904418945312
365.48455810546875 684.3877563476562
440.7313537597656 551.8099975585938
401.3163757324219 680.8045654296875
433.56500244140625 551.8099975585938
598.391357421875 648.555908203125
619.8904418945312 677.2213745117188
383.40045166015625 677.2213745117188
426.3986511230469 290.23773193359375
422.8154602050781 677.2213745117188
508.81182861328125 290.23773193359375
394.1499938964844 648.555908203125
569.7258911132812 677.2213745117188
498.0622863769531 652.1390991210938
401.3163757324219 612.72412109375
587.641845703125 652.1390991210938
680.8045654296875 738.1354370117188
429.9818115234375 659.3054809570312
469.3968200683594 351.1518249511719
601.9745483398438 318.9031982421875
383.40045166015625 648.555908203125
408.48272705078125 333.23590087890625
447.8977355957031 619.8904418945312
447.8977355957031 343.9854736328125
426.3986511230469 652.1390991210938
594.8081665039062 734.5523071289062
476.5632019042969 340.40228271484375
673.63818359375 619.8904418945312
515.9782104492188 340.40228271484375
419.2322692871094 343.9854736328125
609.1409301757812 677.2213745117188
469.3968200683594 662.888671875
397.7331848144531 734.5523071289062
587.641845703125 727.3859252929688
505.2286376953125 652.1390991210938
519.5613403320312 652.1390991210938
408.48272705078125 727.3859252929688
551.8099975585938 429.9818115234375
566.1427612304688 652.1390991210938
634.2232055664062 702.3036499023438
551.8099975585938 415.64910888671875
354.7350158691406 698.720458984375
573.30908203125 652.1390991210938
523.14453125 354.7350158691406
300.9872741699219 566.1427612304688
376.2341003417969 662.888671875
616.3072509765625 662.888671875
558.9763793945312 619.8904418945312
394.1499938964844 673.63818359375
530.3109130859375 390.56683349609375
462.23046875 390.56683349609375
634.2232055664062 691.5540771484375
469.3968200683594 290.23773193359375
598.391357421875 673.63818359375
584.0586547851562 555.3931884765625
501.64544677734375 584.0586547851562
498.0622863769531 118.24500274658203
419.2322692871094 566.1427612304688
533.8941040039062 365.48455810546875
451.4809265136719 652.1390991210938
369.0677185058594 616.3072509765625
541.0604858398438 652.1390991210938
437.148193359375 652.1390991210938
587.641845703125 329.6527404785156
476.5632019042969 361.9013671875
311.73681640625 612.72412109375
555.3931884765625 404.8995361328125
544.6436157226562 662.888671875
648.555908203125 619.8904418945312
548.226806640625 616.3072509765625
379.8172912597656 619.8904418945312
523.14453125 290.23773193359375
562.5595703125 483.72955322265625
569.7258911132812 616.3072509765625
515.9782104492188 361.9013671875
562.5595703125 551.8099975585938
680.8045654296875 616.3072509765625
659.3054809570312 616.3072509765625
691.5540771484375 566.1427612304688
551.8099975585938 652.1390991210938
404.8995361328125 652.1390991210938
580.4754638671875 619.8904418945312
458.64727783203125 616.3072509765625
490.8959045410156 619.8904418945312
326.0695495605469 569.7258911132812
333.23590087890625 612.72412109375
440.7313537597656 386.983642578125
480.1463623046875 616.3072509765625
372.6509094238281 601.9745483398438
462.23046875 648.555908203125
401.3163757324219 619.8904418945312
386.983642578125 641.3895263671875
548.226806640625 361.9013671875
605.5577392578125 619.8904418945312
616.3072509765625 616.3072509765625
562.5595703125 469.3968200683594
390.56683349609375 616.3072509765625
462.23046875 601.9745483398438
483.72955322265625 286.654541015625
655.7222900390625 555.3931884765625
415.64910888671875 648.555908203125
358.31817626953125 619.8904418945312
426.3986511230469 619.8904418945312
447.8977355957031 641.3895263671875
437.148193359375 616.3072509765625
530.3109130859375 648.555908203125
523.14453125 616.3072509765625
637.806396484375 616.3072509765625
422.8154602050781 587.641845703125
544.6436157226562 343.9854736328125
548.226806640625 401.3163757324219
551.8099975585938 386.983642578125
501.64544677734375 616.3072509765625
