415.0 525.0
123.0 628.0
379.0 519.0
371.0 519.0
415.0 624.0
39.0 612.0
400.0 427.0
581.0 558.0
374.0 614.0
393.0 509.0
343.0 519.0
380.0 264.0
334.0 518.0
339.0 518.0
449.0 620.0
374.0 611.0
426.0 532.0
317.0 527.0
321.0 527.0
456.0 618.0
411.0 519.0
444.0 542.0
487.0 624.0
424.0 529.0
67.0 637.0
392.0 438.0
369.0 438.0
482.0 612.0
436.0 539.0
65.0 641.0
425.0 527.0
427.0 514.0
259.0 626.0
394.0 604.0
403.0 613.0
327.0 540.0
146.0 638.0
485.0 613.0
710.0 637.0
144.0 637.0
370.0 401.0
133.0 637.0
572.0 614.0
121.0 615.0
547.0 624.0
583.0 558.0
123.0 615.0
362.0 509.0
292.0 615.0
247.0 627.0
245.0 627.0
710.0 624.0
125.0 628.0
120.0 625.0
458.0 567.0
306.0 624.0
414.0 528.0
428.0 528.0
123.0 625.0
615.0 635.0
141.0 625.0
392.0 615.0
548.0 615.0
564.0 615.0
568.0 615.0
145.0 628.0
143.0 625.0
359.0 616.0
259.0 624.0
409.0 415.0
577.0 625.0
400.0 485.0
457.0 565.0
362.0 485.0
232.0 624.0
320.0 543.0
235.0 633.0
232.0 633.0
231.0 628.0
413.0 414.0
279.0 618.0
352.0 618.0
581.0 560.0
277.0 625.0
451.0 618.0
519.0 623.0
385.0 509.0
402.0 509.0
333.0 529.0
539.0 618.0
343.0 529.0
394.0 414.0
543.0 618.0
417.0 509.0
434.0 509.0
330.0 535.0
446.0 526.0
338.0 601.0
442.0 526.0
546.0 618.0
348.0 526.0
341.0 526.0
337.0 526.0
668.0 632.0
420.0 623.0
548.0 618.0
356.0 545.0
356.0 623.0
563.0 618.0
120.0 629.0
310.0 482.0
402.0 555.0
413.0 545.0
236.0 629.0
344.0 521.0
409.0 525.0
403.0 525.0
44.0 611.0
245.0 629.0
275.0 629.0
649.0 632.0
361.0 525.0
340.0 603.0
345.0 510.0
387.0 377.0
355.0 525.0
451.0 481.0
123.0 619.0
320.0 525.0
420.0 530.0
420.0 511.0
538.0 629.0
347.0 546.0
350.0 546.0
432.0 511.0
229.0 623.0
361.0 478.0
374.0 379.0
397.0 406.0
572.0 622.0
460.0 524.0
452.0 524.0
443.0 524.0
436.0 511.0
439.0 524.0
319.0 512.0
421.0 524.0
466.0 619.0
579.0 562.0
568.0 619.0
466.0 622.0
364.0 556.0
574.0 619.0
121.0 620.0
342.0 513.0
579.0 556.0
399.0 405.0
433.0 533.0
324.0 622.0
418.0 388.0
352.0 405.0
276.0 620.0
321.0 514.0
449.0 514.0
478.0 557.0
419.0 521.0
567.0 621.0
393.0 521.0
365.0 402.0
336.0 515.0
241.0 630.0
345.0 515.0
385.0 521.0
377.0 521.0
340.0 531.0
343.0 531.0
277.0 630.0
565.0 621.0
370.0 521.0
377.0 515.0
544.0 621.0
352.0 521.0
292.0 620.0
385.0 515.0
398.0 401.0
338.0 533.0
557.0 573.0
324.0 620.0
430.0 531.0
326.0 620.0
394.0 515.0
402.0 515.0
352.0 620.0
424.0 520.0
418.0 515.0
414.0 549.0
273.0 621.0
356.0 620.0
338.0 520.0
443.0 515.0
407.0 558.0
312.0 516.0
579.0 620.0
353.0 516.0
361.0 516.0
350.0 549.0
420.0 519.0
95.0 631.0
288.0 626.0
345.0 549.0
563.0 620.0
40.0 610.0
424.0 517.0
333.0 532.0
418.0 548.0
392.0 519.0
551.0 620.0
384.0 519.0
352.0 397.0
459.0 620.0
579.0 559.0
442.0 540.0
353.0 401.0
380.0 270.0
567.0 556.0
399.0 555.0
389.0 611.0
381.0 316.0
313.0 527.0
441.0 509.0
574.0 614.0
632.0 598.0
393.0 553.0
438.0 532.0
365.0 397.0
383.0 262.0
537.0 632.0
450.0 526.0
454.0 526.0
321.0 541.0
166.0 636.0
669.0 635.0
143.0 635.0
682.0 634.0
544.0 631.0
447.0 573.0
397.0 397.0
421.0 552.0
385.0 169.0
371.0 433.0
156.0 628.0
169.0 633.0
330.0 485.0
416.0 626.0
377.0 214.0
81.0 640.0
544.0 571.0
373.0 348.0
453.0 496.0
77.0 644.0
618.0 632.0
390.0 379.0
435.0 590.0
377.0 301.0
561.0 557.0
322.0 613.0
448.0 550.0
84.0 640.0
434.0 615.0
428.0 622.0
420.0 613.0
601.0 632.0
653.0 613.0
579.0 618.0
462.0 525.0
645.0 509.0
400.0 614.0
629.0 631.0
336.0 624.0
302.0 621.0
456.0 623.0
339.0 537.0
98.0 628.0
371.0 146.0
494.0 572.0
341.0 623.0
378.0 172.0
250.0 631.0
258.0 594.0
456.0 524.0
438.0 530.0
450.0 501.0
650.0 627.0
247.0 621.0
380.0 377.0
401.0 401.0
465.0 576.0
190.0 604.0
422.0 619.0
579.0 540.0
388.0 346.0
556.0 579.0
307.0 621.0
463.0 531.0
451.0 520.0
648.0 507.0
324.0 525.0
419.0 534.0
312.0 521.0
408.0 401.0
310.0 497.0
462.0 627.0
266.0 581.0
457.0 551.0
88.0 640.0
346.0 404.0
226.0 623.0
623.0 631.0
237.0 622.0
383.0 377.0
343.0 388.0
442.0 563.0
321.0 510.0
334.0 540.0
329.0 585.0
435.0 613.0
490.0 624.0
475.0 559.0
515.0 622.0
259.0 592.0
377.0 406.0
435.0 524.0
378.0 219.0
107.0 534.0
404.0 447.0
513.0 612.0
338.0 619.0
667.0 637.0
348.0 614.0
86.0 539.0
562.0 555.0
331.0 618.0
447.0 614.0
438.0 553.0
350.0 427.0
413.0 504.0
81.0 637.0
378.0 198.0
378.0 181.0
674.0 632.0
380.0 314.0
154.0 633.0
434.0 526.0
417.0 504.0
342.0 553.0
684.0 633.0
369.0 433.0
425.0 616.0
411.0 599.0
544.0 623.0
444.0 567.0
479.0 623.0
190.0 579.0
385.0 615.0
477.0 554.0
710.0 632.0
378.0 189.0
214.0 602.0
387.0 369.0
258.0 632.0
93.0 633.0
414.0 615.0
31.0 523.0
237.0 635.0
391.0 431.0
345.0 417.0
374.0 185.0
315.0 552.0
309.0 527.0
326.0 527.0
364.0 615.0
415.0 403.0
471.0 559.0
563.0 578.0
700.0 636.0
385.0 267.0
351.0 532.0
109.0 532.0
158.0 594.0
287.0 560.0
388.0 428.0
387.0 397.0
660.0 630.0
190.0 582.0
374.0 397.0
676.0 620.0
330.0 479.0
473.0 560.0
208.0 629.0
366.0 378.0
423.0 603.0
400.0 477.0
335.0 598.0
357.0 406.0
380.0 243.0
485.0 627.0
386.0 533.0
376.0 625.0
328.0 525.0
373.0 428.0
430.0 622.0
360.0 488.0
189.0 635.0
371.0 621.0
513.0 610.0
301.0 577.0
32.0 539.0
292.0 613.0
329.0 527.0
455.0 495.0
453.0 512.0
185.0 573.0
321.0 550.0
407.0 548.0
249.0 577.0
168.0 598.0
37.0 592.0
430.0 544.0
380.0 625.0
311.0 628.0
100.0 638.0
565.0 584.0
189.0 554.0
377.0 377.0
391.20001220703125 614.4000244140625
165.60000610351562 636.0
201.60000610351562 636.0
544.800048828125 571.2000122070312
364.8000183105469 397.20001220703125
292.8000183105469 620.4000244140625
410.4000244140625 516.0
573.6000366210938 619.2000122070312
352.8000183105469 397.20001220703125
424.8000183105469 519.6000366210938
568.800048828125 619.2000122070312
697.2000122070312 636.0
434.4000244140625 476.4000244140625
417.6000061035156 388.8000183105469
540.0 619.2000122070312
370.8000183105469 146.40000915527344
343.20001220703125 387.6000061035156
352.8000183105469 477.6000061035156
412.8000183105469 519.6000366210938
361.20001220703125 477.6000061035156
408.0000305175781 519.6000366210938
465.6000061035156 619.2000122070312
460.8000183105469 619.2000122070312
450.0000305175781 619.2000122070312
404.4000244140625 519.6000366210938
408.0000305175781 559.2000122070312
399.6000061035156 519.6000366210938
363.6000061035156 478.8000183105469
416.4000244140625 619.2000122070312
451.20001220703125 481.20001220703125
363.6000061035156 373.20001220703125
310.8000183105469 482.4000244140625
384.0 619.2000122070312
87.60000610351562 640.800048828125
331.20001220703125 518.4000244140625
475.20001220703125 559.2000122070312
84.0 640.800048828125
432.0000305175781 518.4000244140625
414.0000305175781 549.6000366210938
64.80000305175781 640.800048828125
133.20001220703125 637.2000122070312
355.20001220703125 619.2000122070312
378.0 172.8000030517578
578.4000244140625 559.2000122070312
338.4000244140625 619.2000122070312
391.20001220703125 519.6000366210938
279.6000061035156 619.2000122070312
68.4000015258789 639.6000366210938
710.4000244140625 638.4000244140625
121.20000457763672 619.2000122070312
378.0 181.20001220703125
144.0 637.2000122070312
339.6000061035156 537.6000366210938
578.4000244140625 618.0
547.2000122070312 618.0
331.20001220703125 618.0
375.6000061035156 378.0
146.40000915527344 638.4000244140625
291.6000061035156 618.0
378.0 189.60000610351562
386.4000244140625 378.0
357.6000061035156 616.800048828125
100.80000305175781 638.4000244140625
289.20001220703125 616.800048828125
565.2000122070312 615.6000366210938
547.2000122070312 615.6000366210938
700.800048828125 637.2000122070312
399.6000061035156 484.8000183105469
350.4000244140625 519.6000366210938
355.20001220703125 379.20001220703125
450.0000305175781 615.6000366210938
378.0 198.00001525878906
447.6000061035156 615.6000366210938
372.0 519.6000366210938
354.0 615.6000366210938
330.0 486.0000305175781
362.4000244140625 486.0000305175781
390.0000305175781 379.20001220703125
122.4000015258789 615.6000366210938
358.8000183105469 519.6000366210938
374.4000244140625 614.4000244140625
378.0 208.8000030517578
568.800048828125 625.2000122070312
402.0000305175781 511.20001220703125
572.4000244140625 614.4000244140625
360.0 487.20001220703125
567.6000366210938 614.4000244140625
484.8000183105469 614.4000244140625
482.4000244140625 614.4000244140625
668.4000244140625 634.800048828125
400.8000183105469 614.4000244140625
345.6000061035156 386.4000244140625
318.0 511.20001220703125
286.8000183105469 620.4000244140625
398.4000244140625 400.8000183105469
390.0000305175781 400.8000183105469
92.4000015258789 632.4000244140625
378.0 219.60000610351562
578.4000244140625 561.6000366210938
97.20000457763672 633.6000366210938
570.0 616.800048828125
423.6000061035156 504.0000305175781
321.6000061035156 540.0
327.6000061035156 540.0
418.8000183105469 520.800048828125
418.8000183105469 524.4000244140625
344.4000244140625 524.4000244140625
81.60000610351562 637.2000122070312
451.20001220703125 554.4000244140625
322.8000183105469 613.2000122070312
345.6000061035156 510.0000305175781
426.0000305175781 457.20001220703125
417.6000061035156 504.0000305175781
442.8000183105469 540.0
74.4000015258789 642.0
356.4000244140625 627.6000366210938
482.4000244140625 612.0
376.8000183105469 604.800048828125
324.0 620.4000244140625
579.6000366210938 540.0
326.4000244140625 620.4000244140625
361.20001220703125 620.4000244140625
380.4000244140625 620.4000244140625
562.800048828125 620.4000244140625
38.400001525878906 612.0
579.6000366210938 620.4000244140625
330.0 535.2000122070312
388.8000183105469 610.800048828125
374.4000244140625 610.800048828125
325.20001220703125 535.2000122070312
44.400001525878906 610.800048828125
236.40000915527344 621.6000366210938
580.800048828125 558.0
561.6000366210938 558.0
247.20001220703125 621.6000366210938
273.6000061035156 621.6000366210938
302.4000244140625 621.6000366210938
433.20001220703125 534.0
418.8000183105469 534.0
333.6000061035156 621.6000366210938
550.800048828125 621.6000366210938
565.2000122070312 621.6000366210938
568.800048828125 621.6000366210938
290.4000244140625 622.800048828125
356.4000244140625 622.800048828125
417.6000061035156 622.800048828125
336.0 458.4000244140625
388.8000183105469 604.800048828125
372.0 604.800048828125
477.6000061035156 556.800048828125
338.4000244140625 604.800048828125
240.00001525878906 624.0
306.0 624.0
382.8000183105469 261.6000061035156
380.4000244140625 624.0
441.6000061035156 564.0
415.20001220703125 624.0
420.0000305175781 624.0
487.20001220703125 624.0
392.4000244140625 601.2000122070312
444.0000305175781 542.4000244140625
372.0 601.2000122070312
325.20001220703125 532.800048828125
579.6000366210938 542.4000244140625
338.4000244140625 601.2000122070312
452.4000244140625 496.8000183105469
404.4000244140625 451.20001220703125
578.4000244140625 555.6000366210938
380.4000244140625 270.0
310.8000183105469 498.0000305175781
390.0000305175781 272.4000244140625
363.6000061035156 555.6000366210938
547.2000122070312 624.0
463.20001220703125 531.6000366210938
396.0000305175781 598.800048828125
426.0000305175781 531.6000366210938
337.20001220703125 531.6000366210938
710.4000244140625 624.0
336.0 598.800048828125
120.00000762939453 625.2000122070312
632.4000244140625 597.6000366210938
122.4000015258789 625.2000122070312
140.40000915527344 625.2000122070312
378.0 285.6000061035156
243.60000610351562 625.2000122070312
247.20001220703125 625.2000122070312
288.0 625.2000122070312
404.4000244140625 445.20001220703125
308.4000244140625 625.2000122070312
577.2000122070312 625.2000122070312
438.0000305175781 530.4000244140625
430.8000183105469 530.4000244140625
532.800048828125 554.4000244140625
457.20001220703125 565.2000122070312
368.4000244140625 439.20001220703125
116.4000015258789 626.4000244140625
424.8000183105469 501.6000061035156
232.8000030517578 626.4000244140625
502.8000183105469 565.2000122070312
355.20001220703125 544.800048828125
259.20001220703125 626.4000244140625
400.8000183105469 554.4000244140625
354.0 626.4000244140625
416.4000244140625 626.4000244140625
421.20001220703125 529.2000122070312
408.0000305175781 544.800048828125
372.0 433.20001220703125
369.6000061035156 433.20001220703125
342.0 529.2000122070312
120.00000762939453 627.6000366210938
124.80000305175781 627.6000366210938
156.0 627.6000366210938
428.4000244140625 528.0
247.20001220703125 627.6000366210938
486.0000305175781 627.6000366210938
408.0000305175781 504.0000305175781
348.0 428.4000244140625
349.20001220703125 528.0
421.20001220703125 504.0000305175781
334.8000183105469 528.0
122.4000015258789 628.800048828125
145.20001220703125 628.800048828125
244.8000030517578 628.800048828125
434.4000244140625 504.0000305175781
349.20001220703125 546.0
469.20001220703125 589.2000122070312
302.4000244140625 628.800048828125
445.20001220703125 504.0000305175781
538.800048828125 628.800048828125
153.60000610351562 630.0
163.20001220703125 630.0
400.8000183105469 424.8000183105469
235.20001220703125 630.0
337.20001220703125 526.800048828125
392.4000244140625 553.2000122070312
372.0 553.2000122070312
241.20001220703125 630.0
534.0 630.0
426.0000305175781 525.6000366210938
422.4000244140625 525.6000366210938
415.20001220703125 525.6000366210938
409.20001220703125 525.6000366210938
414.0000305175781 546.0
355.20001220703125 525.6000366210938
348.0 525.6000366210938
470.4000244140625 586.800048828125
340.8000183105469 525.6000366210938
345.6000061035156 417.6000061035156
94.80000305175781 631.2000122070312
391.20001220703125 415.20001220703125
444.0000305175781 566.4000244140625
368.4000244140625 415.20001220703125
393.6000061035156 508.8000183105469
361.20001220703125 415.20001220703125
410.4000244140625 508.8000183105469
417.6000061035156 508.8000183105469
350.4000244140625 415.20001220703125
258.0 631.2000122070312
330.0 585.6000366210938
645.6000366210938 508.8000183105469
625.2000122070312 631.2000122070312
375.6000061035156 334.8000183105469
403.20001220703125 524.4000244140625
361.20001220703125 524.4000244140625
628.800048828125 631.2000122070312
639.6000366210938 631.2000122070312
231.60000610351562 632.4000244140625
352.8000183105469 510.0000305175781
421.20001220703125 552.0
235.20001220703125 632.4000244140625
537.6000366210938 632.4000244140625
445.20001220703125 510.0000305175781
447.6000061035156 510.0000305175781
667.2000122070312 632.4000244140625
673.2000122070312 632.4000244140625
399.6000061035156 405.6000061035156
397.20001220703125 405.6000061035156
363.6000061035156 519.6000366210938
388.8000183105469 405.6000061035156
710.4000244140625 632.4000244140625
343.20001220703125 511.20001220703125
169.20001220703125 634.800048828125
363.6000061035156 405.6000061035156
171.60000610351562 634.800048828125
190.8000030517578 578.4000244140625
464.4000244140625 577.2000122070312
372.0 511.20001220703125
351.6000061035156 405.6000061035156
415.20001220703125 403.20001220703125
345.6000061035156 403.20001220703125
186.0 634.800048828125
393.6000061035156 520.800048828125
386.4000244140625 520.800048828125
376.8000183105469 520.800048828125
504.0000305175781 567.6000366210938
249.60000610351562 577.2000122070312
408.0000305175781 400.8000183105469
369.6000061035156 520.800048828125
420.0000305175781 511.20001220703125
432.0000305175781 511.20001220703125
344.4000244140625 520.800048828125
355.20001220703125 634.800048828125
374.4000244140625 400.8000183105469
370.8000183105469 400.8000183105469
338.4000244140625 520.800048828125
464.4000244140625 574.800048828125
427.20001220703125 513.6000366210938
345.6000061035156 548.4000244140625
442.8000183105469 513.6000366210938
556.800048828125 573.6000366210938
446.4000244140625 573.6000366210938
349.20001220703125 399.6000061035156
320.4000244140625 514.800048828125
458.4000244140625 550.800048828125
336.0 514.800048828125
344.4000244140625 514.800048828125
406.8000183105469 397.20001220703125
417.6000061035156 548.4000244140625
369.6000061035156 514.800048828125
385.20001220703125 514.800048828125
393.6000061035156 514.800048828125
402.0000305175781 514.800048828125
418.8000183105469 514.800048828125
374.4000244140625 362.4000244140625
450.0000305175781 514.800048828125
448.8000183105469 548.4000244140625
313.20001220703125 516.0
493.20001220703125 572.4000244140625
682.800048828125 634.800048828125
354.0 516.0
361.20001220703125 516.0
388.8000183105469 397.20001220703125
376.8000183105469 516.0
434.4000244140625 508.8000183105469
441.6000061035156 508.8000183105469
350.4000244140625 532.800048828125
136.8000030517578 631.2000122070312
660.0 631.2000122070312
292.8000183105469 613.2000122070312
310.8000183105469 512.4000244140625
334.8000183105469 588.0
374.4000244140625 405.6000061035156
366.0 378.0
78.0 649.2000122070312
378.0 508.8000183105469
420.0000305175781 614.4000244140625
76.80000305175781 646.800048828125
380.4000244140625 376.8000183105469
639.6000366210938 625.2000122070312
378.0 230.40000915527344
634.800048828125 620.4000244140625
436.8000183105469 504.0000305175781
540.0 572.4000244140625
393.6000061035156 505.20001220703125
376.8000183105469 625.2000122070312
386.4000244140625 350.4000244140625
369.6000061035156 505.20001220703125
451.20001220703125 530.4000244140625
385.20001220703125 508.8000183105469
589.2000122070312 625.2000122070312
402.0000305175781 627.6000366210938
427.20001220703125 454.8000183105469
120.96000671386719 624.9600219726562
391.6800231933594 414.72003173828125
400.32000732421875 414.72003173828125
414.72003173828125 416.1600036621094
442.08001708984375 564.4800415039062
420.4800109863281 633.6000366210938
335.52001953125 616.3200073242188
361.44000244140625 417.6000061035156
354.2400207519531 633.6000366210938
564.4800415039062 614.8800048828125
547.2000122070312 614.8800048828125
485.280029296875 614.8800048828125
360.0 515.52001953125
563.0400390625 617.760009765625
168.48001098632812 633.6000366210938
158.40000915527344 633.6000366210938
480.96002197265625 624.9600219726562
404.6400146484375 450.72003173828125
541.4400024414062 622.0800170898438
347.0400085449219 511.20001220703125
385.9200134277344 156.9600067138672
227.52000427246094 627.8400268554688
152.63999938964844 629.280029296875
385.9200134277344 397.44000244140625
541.4400024414062 630.7200317382812
113.76000213623047 626.4000244140625
234.7200164794922 632.1600341796875
679.6800537109375 627.8400268554688
227.52000427246094 632.1600341796875
407.52001953125 547.2000122070312
408.96002197265625 476.6400146484375
452.1600036621094 496.8000183105469
372.96002197265625 397.44000244140625
335.52001953125 609.1199951171875
542.8800048828125 619.2000122070312
315.3600158691406 515.52001953125
380.1600036621094 256.32000732421875
408.96002197265625 514.0800170898438
324.0 532.800048828125
460.8000183105469 570.2400512695312
93.60000610351562 632.1600341796875
380.1600036621094 230.40000915527344
67.68000030517578 650.8800048828125
82.08000183105469 640.800048828125
672.4800415039062 630.7200317382812
73.44000244140625 640.800048828125
87.84000396728516 639.3600463867188
561.6000366210938 557.280029296875
377.280029296875 198.72000122070312
79.20000457763672 639.3600463867188
64.80000305175781 639.3600463867188
627.8400268554688 630.7200317382812
623.52001953125 630.7200317382812
69.12000274658203 637.9200439453125
144.0 636.4800415039062
311.0400085449219 496.8000183105469
377.280029296875 208.8000030517578
132.48001098632812 636.4800415039062
100.80000305175781 636.4800415039062
696.9600219726562 635.0400390625
200.16000366210938 635.0400390625
165.60000610351562 635.0400390625
568.800048828125 558.7200317382812
682.5599975585938 633.6000366210938
377.280029296875 218.8800048828125
380.1600036621094 218.8800048828125
544.3200073242188 630.7200317382812
341.2799987792969 528.4800415039062
334.08001708984375 528.4800415039062
577.4400024414062 558.7200317382812
537.1199951171875 630.7200317382812
427.6800231933594 527.0400390625
414.72003173828125 527.0400390625
619.2000122070312 629.280029296875
442.08001708984375 538.5599975585938
347.0400085449219 527.0400390625
377.280029296875 230.40000915527344
407.52001953125 456.4800109863281
419.0400085449219 528.4800415039062
371.52001953125 610.5599975585938
267.8399963378906 576.0
321.1200256347656 540.0
421.9200134277344 525.6000366210938
260.6400146484375 581.760009765625
408.96002197265625 525.6000366210938
578.8800048828125 540.0
162.72000122070312 629.280029296875
354.2400207519531 525.6000366210938
339.84002685546875 525.6000366210938
414.72003173828125 524.1600341796875
463.6800231933594 576.0
344.1600036621094 524.1600341796875
331.20001220703125 531.3600463867188
540.0 570.2400512695312
354.2400207519531 544.3200073242188
299.52001953125 577.4400024414062
393.1200256347656 609.1199951171875
407.52001953125 544.3200073242188
411.84002685546875 544.3200073242188
424.8000183105469 519.8400268554688
538.5599975585938 627.8400268554688
489.6000061035156 627.8400268554688
338.4000244140625 519.8400268554688
44.6400032043457 609.1199951171875
407.52001953125 518.4000244140625
144.0 627.8400268554688
348.4800109863281 545.760009765625
398.8800048828125 518.4000244140625
396.0000305175781 518.4000244140625
371.52001953125 518.4000244140625
447.84002685546875 489.6000061035156
375.84002685546875 263.52001953125
639.3600463867188 626.4000244140625
345.6000061035156 547.2000122070312
349.9200134277344 518.4000244140625
417.6000061035156 547.2000122070312
447.84002685546875 547.2000122070312
485.280029296875 626.4000244140625
406.08001708984375 515.52001953125
380.1600036621094 270.7200012207031
397.44000244140625 515.52001953125
393.1200256347656 515.52001953125
244.8000030517578 626.4000244140625
388.8000183105469 515.52001953125
233.28001403808594 626.4000244140625
370.08001708984375 515.52001953125
364.32000732421875 515.52001953125
357.1200256347656 515.52001953125
312.4800109863281 515.52001953125
440.6400146484375 535.6799926757812
449.280029296875 514.0800170898438
358.5600280761719 486.72003173828125
427.6800231933594 514.0800170898438
398.8800048828125 485.280029296875
338.4000244140625 597.6000366210938
362.8800048828125 485.280029296875
419.0400085449219 514.0800170898438
401.760009765625 514.0800170898438
394.5600280761719 597.6000366210938
463.6800231933594 624.9600219726562
377.280029296875 514.0800170898438
352.8000183105469 514.0800170898438
344.1600036621094 514.0800170898438
335.52001953125 514.0800170898438
306.7200012207031 624.9600219726562
442.08001708984375 512.6400146484375
630.7200317382812 597.6000366210938
259.20001220703125 624.9600219726562
504.0000305175781 567.3600463867188
420.4800109863281 511.20001220703125
141.12001037597656 624.9600219726562
414.72003173828125 511.20001220703125
398.8800048828125 511.20001220703125
577.4400024414062 561.6000366210938
463.6800231933594 573.1199951171875
420.4800109863281 551.52001953125
311.0400085449219 623.52001953125
371.52001953125 511.20001220703125
388.8000183105469 609.1199951171875
144.0 623.52001953125
371.52001953125 552.9600219726562
331.20001220703125 535.6799926757812
434.8800048828125 590.4000244140625
349.9200134277344 511.20001220703125
342.7200012207031 511.20001220703125
391.6800231933594 552.9600219726562
578.8800048828125 552.9600219726562
571.6799926757812 622.0800170898438
544.3200073242188 622.0800170898438
444.96002197265625 509.760009765625
391.6800231933594 590.4000244140625
502.5600280761719 564.4800415039062
645.1199951171875 508.32000732421875
492.4800109863281 570.2400512695312
432.0000305175781 504.0000305175781
416.1600036621094 504.0000305175781
557.280029296875 573.1199951171875
391.6800231933594 504.0000305175781
375.84002685546875 504.0000305175781
368.6400146484375 504.0000305175781
360.0 504.0000305175781
400.32000732421875 554.4000244140625
444.96002197265625 502.5600280761719
420.4800109863281 622.0800170898438
531.3600463867188 554.4000244140625
417.6000061035156 622.0800170898438
447.84002685546875 501.1200256347656
378.7200012207031 622.0800170898438
407.52001953125 504.0000305175781
355.6800231933594 622.0800170898438
371.52001953125 600.4800415039062
391.6800231933594 600.4800415039062
440.6400146484375 501.1200256347656
325.44000244140625 622.0800170898438
305.2799987792969 622.0800170898438
302.4000244140625 622.0800170898438
246.24000549316406 622.0800170898438
432.0000305175781 501.1200256347656
236.16000366210938 622.0800170898438
227.52000427246094 622.0800170898438
423.3600158691406 501.1200256347656
416.1600036621094 501.1200256347656
456.4800109863281 564.4800415039062
362.8800048828125 555.8400268554688
476.6400146484375 555.8400268554688
311.0400085449219 482.4000244140625
450.72003173828125 480.96002197265625
383.0400085449219 501.1200256347656
375.84002685546875 501.1200256347656
367.20001220703125 501.1200256347656
565.9200439453125 555.8400268554688
446.4000244140625 573.1199951171875
324.0 612.0
335.52001953125 457.9200134277344
400.32000732421875 612.0
419.0400085449219 439.20001220703125
578.8800048828125 620.6400146484375
564.4800415039062 620.6400146484375
426.2400207519531 457.9200134277344
468.0000305175781 588.9600219726562
465.1200256347656 588.9600219726562
550.0800170898438 620.6400146484375
368.6400146484375 439.20001220703125
391.6800231933594 437.760009765625
273.6000061035156 620.6400146484375
344.1600036621094 433.44000244140625
364.32000732421875 478.08001708984375
328.32000732421875 588.9600219726562
329.760009765625 584.6400146484375
342.7200012207031 613.4400024414062
362.8800048828125 613.4400024414062
436.32000732421875 502.5600280761719
573.1199951171875 619.2000122070312
362.8800048828125 372.96002197265625
328.32000732421875 478.08001708984375
567.3600463867188 619.2000122070312
380.1600036621094 375.84002685546875
390.2400207519531 613.4400024414062
365.760009765625 377.280029296875
383.0400085449219 377.280029296875
465.1200256347656 619.2000122070312
324.0 478.08001708984375
460.8000183105469 619.2000122070312
397.44000244140625 476.6400146484375
480.96002197265625 613.4400024414062
355.6800231933594 378.7200012207031
444.96002197265625 619.2000122070312
397.44000244140625 619.2000122070312
378.7200012207031 619.2000122070312
345.6000061035156 385.9200134277344
342.7200012207031 387.3600158691406
416.1600036621094 387.3600158691406
410.4000244140625 393.1200256347656
349.9200134277344 394.5600280761719
360.0 476.6400146484375
357.1200256347656 476.6400146484375
352.8000183105469 397.44000244140625
362.8800048828125 397.44000244140625
290.8800048828125 619.2000122070312
434.8800048828125 475.20001220703125
571.6799926757812 613.4400024414062
538.5599975585938 617.760009765625
397.44000244140625 397.44000244140625
408.96002197265625 604.800048828125
406.08001708984375 475.20001220703125
345.6000061035156 400.32000732421875
450.72003173828125 617.760009765625
120.96000671386719 614.8800048828125
407.52001953125 617.760009765625
385.9200134277344 400.32000732421875
430.5600280761719 534.2400512695312
437.760009765625 529.9200439453125
407.52001953125 400.32000732421875
383.0400085449219 617.760009765625
388.8000183105469 401.760009765625
414.72003173828125 401.760009765625
292.32000732421875 614.8800048828125
407.52001953125 403.20001220703125
351.3600158691406 404.6400146484375
336.96002197265625 603.3600463867188
400.32000732421875 423.3600158691406
372.96002197265625 404.6400146484375
387.3600158691406 404.6400146484375
322.55999755859375 614.8800048828125
331.20001220703125 617.760009765625
279.3600158691406 617.760009765625
334.08001708984375 587.52001953125
354.2400207519531 614.8800048828125
120.96000671386719 617.760009765625
384.4800109863281 614.8800048828125
446.4000244140625 616.3200073242188
394.5600280761719 616.3200073242188
357.1200256347656 616.3200073242188
560.1600341796875 560.1600341796875
411.84002685546875 413.280029296875
348.4800109863281 414.72003173828125
404.6400146484375 614.8800048828125
360.0 414.72003173828125
368.6400146484375 414.72003173828125
633.6000366210938 619.2000122070312
358.5600280761719 636.4800415039062
259.20001220703125 577.4400024414062
371.5200500488281 518.4000244140625
330.04803466796875 584.0640258789062
364.6080322265625 378.4320373535156
143.42401123046875 622.080078125
117.50401306152344 622.080078125
471.7440490722656 584.0640258789062
345.60003662109375 385.3440246582031
414.72003173828125 387.072021484375
349.0560302734375 393.9840393066406
428.5440368652344 527.0400390625
421.6320495605469 527.0400390625
95.04000854492188 632.4480590820312
387.072021484375 150.3360137939453
340.4160461425781 527.0400390625
311.0400390625 482.112060546875
464.83203125 587.5200805664062
578.8800659179688 539.1360473632812
578.8800659179688 620.35205078125
563.3280639648438 620.35205078125
672.1920776367188 630.7200317382812
335.2320251464844 527.0400390625
328.3200378417969 589.248046875
414.72003173828125 525.3120727539062
311.0400390625 497.6640625
549.5040283203125 620.35205078125
319.6800231933594 482.112060546875
335.2320251464844 589.248046875
392.25604248046875 589.248046875
409.5360412597656 525.3120727539062
354.2400207519531 525.3120727539062
433.72802734375 589.248046875
577.1520385742188 558.14404296875
438.91204833984375 533.9520263671875
430.27203369140625 533.9520263671875
544.320068359375 630.7200317382812
323.1360168457031 533.9520263671875
464.83203125 620.35205078125
304.1280212402344 533.9520263671875
414.72003173828125 402.6240234375
459.6480407714844 532.2240600585938
393.9840393066406 596.1600341796875
362.8800354003906 611.7120361328125
342.14404296875 613.4400634765625
387.072021484375 404.35205078125
323.1360168457031 478.6560363769531
236.73602294921875 630.7200317382812
228.0960235595703 630.7200317382812
400.8960266113281 611.7120361328125
437.1840515136719 476.92803955078125
409.5360412597656 558.14404296875
409.5360412597656 476.92803955078125
395.7120361328125 476.92803955078125
393.9840393066406 406.0800476074219
364.6080322265625 476.92803955078125
336.96002197265625 597.8880615234375
397.4400329589844 620.35205078125
300.6720275878906 628.9920654296875
371.5200500488281 620.35205078125
504.5760498046875 563.3280639648438
286.8480224609375 620.35205078125
338.6880187988281 520.1280517578125
349.0560302734375 414.72003173828125
359.4240417480469 414.72003173828125
300.6720275878906 532.2240600585938
369.7920227050781 414.72003173828125
390.5280456542969 414.72003173828125
400.8960266113281 414.72003173828125
162.43202209472656 628.9920654296875
357.696044921875 475.2000427246094
411.2640380859375 414.72003173828125
273.0240173339844 620.35205078125
352.51202392578125 475.2000427246094
399.16802978515625 485.56805419921875
418.176025390625 514.9440307617188
390.5280456542969 613.4400634765625
409.5360412597656 514.9440307617188
483.8400573730469 613.4400634765625
571.9680786132812 613.4400634765625
362.8800354003906 485.56805419921875
323.1360168457031 613.4400634765625
366.3360290527344 501.12005615234375
418.176025390625 627.2640380859375
336.96002197265625 603.0720825195312
312.7680358886719 489.0240478515625
120.96001434326172 615.1680297851562
440.6400451660156 482.112060546875
243.6480255126953 627.2640380859375
400.8960266113281 514.9440307617188
397.4400329589844 514.9440307617188
316.2240295410156 613.4400634765625
400.8960266113281 421.6320495605469
335.2320251464844 457.9200439453125
566.7840576171875 618.6240844726562
120.96001434326172 627.2640380859375
393.9840393066406 514.9440307617188
385.3440246582031 514.9440307617188
376.70404052734375 514.9440307617188
292.0320129394531 615.1680297851562
639.3600463867188 625.5360717773438
542.592041015625 618.6240844726562
369.7920227050781 514.9440307617188
381.8880310058594 615.1680297851562
364.6080322265625 514.9440307617188
361.15203857421875 514.9440307617188
395.7120361328125 615.1680297851562
323.1360168457031 618.6240844726562
343.8720397949219 514.9440307617188
547.7760620117188 615.1680297851562
292.0320129394531 618.6240844726562
447.5520324707031 489.0240478515625
449.280029296875 482.112060546875
279.93603515625 618.6240844726562
451.008056640625 497.6640625
445.82403564453125 616.8960571289062
464.83203125 625.5360717773438
331.7760314941406 609.9840698242188
392.25604248046875 608.2560424804688
390.5280456542969 438.91204833984375
369.7920227050781 438.91204833984375
371.5200500488281 511.488037109375
570.2400512695312 558.14404296875
138.24002075195312 632.4480590820312
390.5280456542969 601.3440551757812
235.00802612304688 625.5360717773438
414.72003173828125 511.488037109375
388.800048828125 514.9440307617188
343.8720397949219 523.5840454101562
240.1920166015625 632.4480590820312
423.36004638671875 516.6720581054688
371.5200500488281 501.12005615234375
407.80804443359375 414.72003173828125
371.5200500488281 371.5200500488281
276.48004150390625 622.080078125
278.2080383300781 613.4400634765625
165.8880157470703 630.7200317382812
139.968017578125 625.5360717773438
471.7440490722656 580.6080322265625
571.9680786132812 623.8080444335938
416.4480285644531 623.8080444335938
406.0800476074219 514.9440307617188
324.8640441894531 623.8080444335938
447.5520324707031 502.8480529785156
82.94400787353516 641.0880737304688
72.57600402832031 641.0880737304688
65.66400909423828 641.0880737304688
69.12001037597656 637.632080078125
442.3680419921875 565.0560302734375
164.16001892089844 635.904052734375
143.42401123046875 635.904052734375
133.05601501464844 635.904052734375
101.95201110839844 635.904052734375
169.34400939941406 634.1760864257812
487.2960510253906 622.080078125
680.8320922851562 632.4480590820312
378.4320373535156 622.080078125
355.9680480957031 622.080078125
475.2000427246094 556.4160766601562
362.8800354003906 556.4160766601562
414.72003173828125 504.5760498046875
497.6640625 568.5120239257812
245.3760223388672 622.080078125
399.16802978515625 554.6880493164062
241.92002868652344 622.080078125
492.48004150390625 570.2400512695312
539.1360473632812 570.2400512695312
236.73602294921875 622.080078125
390.5280456542969 552.9600830078125
371.5200500488281 552.9600830078125
463.1040344238281 571.9680786132812
556.4160766601562 573.696044921875
463.1040344238281 575.424072265625
464.83203125 578.8800659179688
418.176025390625 547.7760620117188
345.60003662109375 547.7760620117188
447.5520324707031 546.0480346679688
412.9920349121094 544.320068359375
407.80804443359375 544.320068359375
374.9760437011719 504.5760498046875
349.0560302734375 544.320068359375
285.1200256347656 615.1680297851562
407.80804443359375 404.35205078125
397.4400329589844 404.35205078125
373.248046875 404.35205078125
445.82403564453125 573.696044921875
328.3200378417969 615.1680297851562
200.44801330566406 635.904052734375
371.5200500488281 146.88002014160156
62.2080078125 654.9120483398438
385.3440246582031 157.24801635742188
207.36001586914062 635.904052734375
423.36004638671875 502.8480529785156
402.6240234375 449.280029296875
418.176025390625 438.91204833984375
366.3360290527344 406.0800476074219
371.5200500488281 623.8080444335938
371.5200500488281 590.97607421875
88.12800598144531 639.3600463867188
456.1920471191406 561.6000366210938
355.9680480957031 616.8960571289062
250.56002807617188 575.424072265625
407.80804443359375 616.8960571289062
267.84002685546875 575.424072265625
540.8640747070312 630.7200317382812
269.5680236816406 628.9920654296875
362.8800354003906 373.248046875
273.0240173339844 630.7200317382812
561.6000366210938 556.4160766601562
468.2880554199219 589.248046875
359.4240417480469 504.5760498046875
385.3440246582031 397.4400329589844
352.51202392578125 514.9440307617188
639.3600463867188 628.9920654296875
668.736083984375 635.904052734375
314.49603271484375 547.7760620117188
373.248046875 376.70404052734375
369.7920227050781 504.5760498046875
409.5360412597656 393.9840393066406
331.7760314941406 475.2000427246094
293.7600402832031 628.9920654296875
260.92803955078125 582.3360595703125
342.14404296875 608.2560424804688
421.6320495605469 513.216064453125
376.70404052734375 376.70404052734375
432.0000305175781 502.8480529785156
644.5440673828125 508.03204345703125
165.8880157470703 627.2640380859375
433.72802734375 585.7920532226562
354.2400207519531 627.2640380859375
359.4240417480469 421.6320495605469
535.6800537109375 556.4160766601562
409.5360412597656 508.03204345703125
345.60003662109375 407.80804443359375
680.8320922851562 627.2640380859375
425.0880432128906 456.1920471191406
547.7760620117188 632.4480590820312
459.6480407714844 561.6000366210938
354.2400207519531 632.4480590820312
304.1280212402344 622.080078125
532.2240600585938 552.9600830078125
226.36802673339844 622.080078125
345.60003662109375 419.904052734375
414.72003173828125 501.12005615234375
435.4560546875 501.12005615234375
438.91204833984375 501.12005615234375
350.7840270996094 613.4400634765625
539.1360473632812 561.6000366210938
444.0960388183594 501.12005615234375
390.5280456542969 504.5760498046875
407.80804443359375 504.5760498046875
343.8720397949219 433.72802734375
400.8960266113281 504.5760498046875
228.09603881835938 632.4480590820312
549.5040893554688 622.080078125
226.02243041992188 636.5952758789062
371.1744384765625 597.1968994140625
396.0576477050781 597.1968994140625
323.4816589355469 615.8593139648438
207.3600311279297 636.5952758789062
441.6768493652344 564.019287109375
292.3776550292969 615.8593139648438
449.97125244140625 497.6640625
389.83685302734375 439.603271484375
371.1744384765625 439.603271484375
273.7152404785156 622.080078125
161.74082946777344 636.5952758789062
145.1520233154297 636.5952758789062
132.71041870117188 636.5952758789062
398.1312561035156 622.080078125
68.4288101196289 636.5952758789062
377.395263671875 622.080078125
319.3344421386719 609.6384887695312
673.9201049804688 636.5952758789062
568.16650390625 626.227294921875
167.9616241455078 634.5216674804688
155.52001953125 634.5216674804688
82.94401550292969 642.8161010742188
682.2144775390625 632.4480590820312
66.35520935058594 640.7424926757812
682.2144775390625 636.5952758789062
508.0320739746094 564.019287109375
553.6513061523438 632.4480590820312
508.0320739746094 559.8720703125
499.7376708984375 568.16650390625
410.5728454589844 559.8720703125
360.80645751953125 557.7984619140625
354.5856628417969 632.4480590820312
503.8848571777344 568.16650390625
400.2048645019531 555.724853515625
238.4640350341797 632.4480590820312
493.5168762207031 570.2400512695312
304.8192443847656 624.1536865234375
161.74082946777344 632.4480590820312
97.45921325683594 632.4480590820312
671.8464965820312 630.37451171875
541.2096557617188 570.2400512695312
449.97125244140625 553.6513061523438
389.83685302734375 553.6513061523438
333.8496398925781 605.4912719726562
373.248046875 553.6513061523438
495.5904846191406 574.3872680664062
416.7936706542969 547.4304809570312
271.6416320800781 630.37451171875
165.88803100585938 630.37451171875
346.291259765625 547.4304809570312
134.7840118408203 630.37451171875
267.49444580078125 576.4608764648438
412.6464538574219 545.3568725585938
682.2144775390625 628.3009033203125
578.5344848632812 543.2832641601562
578.5344848632812 559.8720703125
331.77606201171875 584.7553100585938
472.7808532714844 584.7553100585938
580.6080932617188 539.1360473632812
441.6768493652344 537.0625
431.3088684082031 534.9888916015625
433.3824462890625 586.828857421875
298.59844970703125 628.3009033203125
331.77606201171875 534.9888916015625
304.8192443847656 534.9888916015625
331.77606201171875 609.6384887695312
458.2656555175781 532.915283203125
391.91046142578125 609.6384887695312
441.6768493652344 532.915283203125
319.3344421386719 532.915283203125
300.6720275878906 532.915283203125
333.8496398925781 590.97607421875
246.75843811035156 626.227294921875
362.88006591796875 611.7120971679688
373.248046875 590.97607421875
429.2352600097656 528.76806640625
466.56005859375 626.227294921875
333.8496398925781 528.76806640625
292.3776550292969 626.227294921875
402.2784423828125 611.7120971679688
277.8624267578125 613.7857055664062
416.7936706542969 526.6944580078125
412.6464538574219 526.6944580078125
348.3648376464844 526.6944580078125
443.7504577636719 487.29608154296875
331.77606201171875 615.8593139648438
342.14404296875 615.8593139648438
234.31683349609375 626.227294921875
141.00482177734375 626.227294921875
572.3136596679688 624.1536865234375
449.97125244140625 483.14886474609375
441.6768493652344 483.14886474609375
381.5424499511719 615.8593139648438
396.0576477050781 615.8593139648438
572.3136596679688 613.7857055664062
466.56005859375 586.828857421875
358.73284912109375 483.14886474609375
547.4304809570312 615.8593139648438
564.019287109375 615.8593139648438
379.4688415527344 373.248046875
356.65924072265625 377.395263671875
319.3344421386719 483.14886474609375
311.0400390625 483.14886474609375
539.1360473632812 561.9456787109375
402.2784423828125 377.395263671875
439.603271484375 479.0016784667969
321.4080505371094 479.0016784667969
344.2176513671875 387.76324462890625
416.7936706542969 389.83685302734375
350.4384460449219 393.98406982421875
396.0576477050781 476.9280700683594
346.291259765625 396.0576477050781
122.34241485595703 615.8593139648438
126.48961639404297 624.1536865234375
116.12161254882812 624.1536865234375
364.9536437988281 476.9280700683594
358.73284912109375 474.8544616699219
352.5120544433594 474.8544616699219
543.2832641601562 617.932861328125
414.7200622558594 398.1312561035156
452.04486083984375 489.3696594238281
311.0400390625 497.6640625
277.8624267578125 620.0064697265625
464.4864501953125 620.0064697265625
568.16650390625 620.0064697265625
574.3872680664062 620.0064697265625
317.2608337402344 615.8593139648438
410.5728454589844 404.35205078125
143.0784149169922 622.080078125
286.1568298339844 615.8593139648438
393.98406982421875 406.4256591796875
346.291259765625 408.499267578125
414.7200622558594 408.499267578125
350.4384460449219 414.7200622558594
358.73284912109375 414.7200622558594
371.1744384765625 414.7200622558594
389.83685302734375 414.7200622558594
402.2784423828125 414.7200622558594
410.5728454589844 414.7200622558594
346.291259765625 416.7936706542969
236.3904266357422 622.080078125
580.6080932617188 622.080078125
346.291259765625 420.94085693359375
240.53762817382812 622.080078125
408.499267578125 617.932861328125
414.7200622558594 402.2784423828125
250.9056396484375 624.1536865234375
383.6160583496094 151.37281799316406
387.76324462890625 151.37281799316406
199.0656280517578 636.5952758789062
460.3392639160156 524.620849609375
371.1744384765625 518.4000854492188
91.23841094970703 636.5952758789062
549.5040893554688 634.5216674804688
356.65924072265625 617.932861328125
174.1824188232422 628.3009033203125
447.8976745605469 545.3568725585938
452.04486083984375 561.9456787109375
375.3216552734375 377.395263671875
362.88006591796875 489.3696594238281
408.499267578125 474.8544616699219
416.7936706542969 624.1536865234375
408.499267578125 420.94085693359375
352.5120544433594 420.94085693359375
250.9056396484375 580.6080932617188
337.9968566894531 597.1968994140625
481.07525634765625 613.7857055664062
539.1360473632812 624.1536865234375
327.62884521484375 476.9280700683594
335.9232482910156 458.2656555175781
389.83685302734375 601.3440551757812
367.0272521972656 406.4256591796875
261.2736511230469 582.6817016601562
68.4288101196289 649.036865234375
393.98406982421875 516.3264770507812
364.9536437988281 516.3264770507812
472.7808532714844 557.7984619140625
385.6896667480469 404.35205078125
566.0928955078125 555.724853515625
223.94883728027344 555.724853515625
335.9232482910156 620.0064697265625
418.86724853515625 514.2528686523438
350.4384460449219 404.35205078125
532.915283203125 553.6513061523438
555.724853515625 564.019287109375
354.5856628417969 628.3009033203125
248.83203125 576.4608764648438
564.019287109375 630.37451171875
640.7424926757812 626.227294921875
675.9937133789062 622.080078125
447.8976745605469 617.932861328125
352.5120544433594 613.7857055664062
491.4432678222656 626.227294921875
367.0272521972656 617.932861328125
379.4688415527344 611.7120971679688
456.19207763671875 561.9456787109375
408.499267578125 545.3568725585938
398.1312561035156 404.35205078125
410.5728454589844 479.0016784667969
640.7424926757812 630.37451171875
489.3696594238281 622.080078125
362.88006591796875 398.1312561035156
398.1312561035156 429.2352600097656
385.6896667480469 398.1312561035156
373.248046875 404.35205078125
344.2176513671875 516.3264770507812
370.759765625 415.5495300292969
388.1780090332031 599.6852416992188
400.61962890625 557.3837890625
507.6174011230469 562.3604736328125
303.5751037597656 532.5006103515625
455.3626708984375 562.3604736328125
457.8509826660156 530.0122680664062
507.6174011230469 557.3837890625
427.99114990234375 527.5239868164062
395.6429748535156 597.1969604492188
577.2904052734375 557.3837890625
554.8955078125 564.8487548828125
368.2714538574219 597.1969604492188
333.4349670410156 527.5239868164062
343.38824462890625 527.5239868164062
410.5729064941406 559.8721313476562
241.36709594726562 562.3604736328125
82.11457824707031 641.9866943359375
221.4605255126953 637.0100708007812
671.8465576171875 634.521728515625
338.4115905761719 597.1969604492188
216.48388671875 634.521728515625
209.01893615722656 634.521728515625
199.06564331054688 634.521728515625
159.2525177001953 634.521728515625
251.32037353515625 622.0801391601562
144.32260131835938 634.521728515625
136.85763549804688 634.521728515625
131.88099670410156 634.521728515625
420.52618408203125 632.033447265625
308.5517578125 490.19915771484375
395.6429748535156 418.0378723144531
368.2714538574219 614.6151733398438
415.5495300292969 632.033447265625
353.3415222167969 632.033447265625
423.0144958496094 547.4305419921875
238.8787841796875 632.033447265625
97.04450225830078 632.033447265625
373.2480773925781 587.24365234375
562.3604736328125 629.5451049804688
552.4071655273438 629.5451049804688
365.7831115722656 410.5729064941406
375.7364196777344 375.7364196777344
271.2269592285156 629.5451049804688
226.4371795654297 629.5451049804688
669.3582153320312 627.0567626953125
418.0378723144531 527.5239868164062
572.313720703125 627.0567626953125
306.0634460449219 627.0567626953125
413.06121826171875 622.0801391601562
537.4772338867188 622.0801391601562
296.1101379394531 627.0567626953125
243.8554229736328 627.0567626953125
355.829833984375 415.5495300292969
472.7809143066406 589.7319946289062
567.3370971679688 632.033447265625
174.18243408203125 627.0567626953125
154.27587890625 634.521728515625
94.55618286132812 639.4984130859375
400.61962890625 609.6385498046875
447.897705078125 544.9421997070312
166.7174835205078 627.0567626953125
355.829833984375 375.7364196777344
393.1546630859375 432.9677734375
141.8342742919922 627.0567626953125
403.1079406738281 375.7364196777344
350.85321044921875 378.2247314453125
385.689697265625 398.13128662109375
343.38824462890625 388.1780090332031
415.5495300292969 388.1780090332031
350.85321044921875 393.1546630859375
355.829833984375 622.0801391601562
343.38824462890625 395.6429748535156
530.0122680664062 559.8721313476562
408.0845642089844 622.0801391601562
325.9700012207031 624.5684814453125
415.5495300292969 398.13128662109375
373.2480773925781 594.7086181640625
350.85321044921875 403.1079406738281
450.3860168457031 559.8721313476562
373.2480773925781 403.1079406738281
385.689697265625 403.1079406738281
398.13128662109375 403.1079406738281
408.0845642089844 403.1079406738281
365.7831115722656 405.59625244140625
393.1546630859375 405.59625244140625
415.5495300292969 408.0845642089844
343.38824462890625 410.5729064941406
233.90213012695312 624.5684814453125
403.1079406738281 413.06121826171875
408.0845642089844 413.06121826171875
430.4794616699219 522.5473022460938
87.09121704101562 637.0100708007812
388.1780090332031 415.5495300292969
413.06121826171875 415.5495300292969
345.8765563964844 418.0378723144531
121.9277114868164 624.5684814453125
353.3415222167969 420.52618408203125
358.31817626953125 420.52618408203125
400.61962890625 420.52618408203125
408.0845642089844 420.52618408203125
111.97442626953125 624.5684814453125
375.7364196777344 622.0801391601562
303.5751037597656 622.0801391601562
276.2035827636719 622.0801391601562
226.4371795654297 622.0801391601562
144.32260131835938 619.591796875
126.90435028076172 622.0801391601562
577.2904052734375 619.591796875
368.2714538574219 151.7875518798828
358.31817626953125 557.3837890625
370.759765625 437.9444274902344
388.1780090332031 437.9444274902344
547.4305419921875 619.591796875
495.1758117675781 567.3370971679688
564.8487548828125 554.8955078125
462.82763671875 619.591796875
398.13128662109375 619.591796875
447.897705078125 617.103515625
530.0122680664062 554.8955078125
539.965576171875 569.825439453125
447.897705078125 554.8955078125
405.59625244140625 617.103515625
564.8487548828125 614.6151733398438
248.83206176757812 572.313720703125
440.4327392578125 564.8487548828125
547.4305419921875 614.6151733398438
221.4605255126953 554.8955078125
388.1780090332031 552.4071655273438
373.2480773925781 552.4071655273438
395.6429748535156 614.6151733398438
268.7386169433594 574.8020629882812
380.7130432128906 614.6151733398438
470.2926025390625 574.8020629882812
495.1758117675781 574.8020629882812
358.31817626953125 472.7809143066406
395.6429748535156 472.7809143066406
408.0845642089844 472.7809143066406
365.7831115722656 475.26922607421875
320.99334716796875 477.757568359375
330.9466247558594 614.6151733398438
316.0167236328125 614.6151733398438
440.4327392578125 477.757568359375
311.0400695800781 482.73419189453125
415.5495300292969 547.4305419921875
475.26922607421875 577.2904052734375
358.31817626953125 482.73419189453125
291.1335144042969 614.6151733398438
121.9277114868164 614.6151733398438
447.897705078125 482.73419189453125
363.2947998046875 487.7108459472656
398.13128662109375 487.7108459472656
251.32037353515625 579.7786865234375
450.3860168457031 495.1758117675781
537.4772338867188 559.8721313476562
311.0400695800781 497.66412353515625
276.2035827636719 582.2670288085938
410.5729064941406 544.9421997070312
360.8064880371094 612.1268920898438
353.3415222167969 612.1268920898438
276.2035827636719 612.1268920898438
330.9466247558594 582.2670288085938
432.9677734375 584.7553100585938
577.2904052734375 542.4539184570312
465.3159484863281 584.7553100585938
472.7809143066406 584.7553100585938
333.4349670410156 604.6619262695312
388.1780090332031 587.24365234375
333.4349670410156 589.7319946289062
94.55618286132812 539.965576171875
320.99334716796875 537.4772338867188
330.9466247558594 534.9889526367188
333.4349670410156 522.5473022460938
318.5050354003906 532.5006103515625
639.4984130859375 627.0567626953125
232.9068145751953 627.0568237304688
504.6314392089844 561.3651123046875
465.8136291503906 582.2670288085938
334.4302978515625 528.519287109375
340.40228271484375 528.519287109375
421.02386474609375 528.519287109375
370.2621154785156 152.28521728515625
426.9958190917969 528.519287109375
540.4632568359375 567.3370971679688
331.4443054199219 582.2670288085938
412.06591796875 561.3651123046875
149.2992401123047 633.02880859375
304.5704345703125 531.5053100585938
456.8556823730469 531.5053100585938
316.514404296875 534.4912719726562
444.9117431640625 534.4912719726562
92.5655288696289 540.4632568359375
561.3651123046875 630.0427856445312
552.4071655273438 630.0427856445312
274.7106018066406 582.2670288085938
489.7015075683594 579.2810668945312
268.7386474609375 630.0427856445312
456.8556823730469 540.4632568359375
576.2950439453125 558.379150390625
483.72955322265625 579.2810668945312
579.2810668945312 543.44921875
161.24317932128906 630.0427856445312
137.3553009033203 630.0427856445312
495.6734619140625 576.2950439453125
471.78558349609375 576.2950439453125
349.3602294921875 379.2200622558594
409.0799255371094 379.2200622558594
295.61248779296875 627.0568237304688
343.38824462890625 388.17803955078125
415.0518798828125 388.17803955078125
241.86477661132812 627.0568237304688
447.897705078125 555.3931884765625
555.3931884765625 573.30908203125
250.82272338867188 573.30908203125
352.34619140625 403.1079406738281
119.43939208984375 627.0568237304688
358.31817626953125 558.379150390625
394.1499938964844 406.09393310546875
343.38824462890625 409.0799255371094
415.0518798828125 409.0799255371094
468.79962158203125 624.07080078125
415.0518798828125 546.4352416992188
352.34619140625 415.0518798828125
447.897705078125 546.4352416992188
388.17803955078125 415.0518798828125
265.7526550292969 573.30908203125
564.3511352539062 555.3931884765625
546.4352416992188 621.0848388671875
462.82763671875 621.0848388671875
397.135986328125 621.0848388671875
376.23406982421875 621.0848388671875
277.69659423828125 621.0848388671875
531.5053100585938 555.3931884765625
128.3973388671875 621.0848388671875
376.23406982421875 552.4071655273438
385.1920471191406 552.4071655273438
525.5333251953125 555.3931884765625
289.6405334472656 618.098876953125
373.24810791015625 438.93975830078125
388.17803955078125 438.93975830078125
450.8836975097656 489.7015075683594
370.2621154785156 615.1128540039062
564.3511352539062 615.1128540039062
403.1079406738281 474.7715759277344
200.06097412109375 636.0147705078125
394.1499938964844 429.9818115234375
110.48143768310547 624.07080078125
394.1499938964844 412.06591796875
403.1079406738281 615.1128540039062
397.135986328125 615.1128540039062
379.2200622558594 615.1128540039062
322.4863586425781 615.1128540039062
361.3041687011719 624.07080078125
409.0799255371094 624.07080078125
555.3931884765625 564.3511352539062
367.276123046875 471.78558349609375
394.1499938964844 471.78558349609375
280.68255615234375 615.1128540039062
122.42537689208984 615.1128540039062
319.5003662109375 477.757568359375
313.5284118652344 624.07080078125
313.5284118652344 483.72955322265625
364.2901611328125 412.06591796875
495.6734619140625 567.3370971679688
358.31817626953125 483.72955322265625
570.3231201171875 627.0568237304688
447.897705078125 483.72955322265625
364.2901611328125 486.71551513671875
394.1499938964844 486.71551513671875
358.31817626953125 612.1268920898438
444.9117431640625 495.6734619140625
450.8836975097656 495.6734619140625
313.5284118652344 498.6594543457031
331.4443054199219 606.1549072265625
373.24810791015625 609.140869140625
358.31817626953125 471.78558349609375
343.38824462890625 618.098876953125
388.17803955078125 588.239013671875
394.1499938964844 597.1969604492188
220.96287536621094 636.0147705078125
209.01893615722656 636.0147705078125
131.38333129882812 636.0147705078125
331.4443054199219 522.54736328125
418.0378723144531 633.02880859375
334.4302978515625 591.2249755859375
429.9818115234375 522.54736328125
471.78558349609375 585.2530517578125
432.9678039550781 585.2530517578125
367.276123046875 406.09393310546875
206.032958984375 627.0568237304688
247.83673095703125 582.2670288085938
409.0799255371094 471.78558349609375
355.3321838378906 373.24810791015625
382.2060546875 149.2992401123047
304.5704345703125 627.0568237304688
373.24810791015625 415.0518798828125
241.86477661132812 633.02880859375
447.897705078125 618.098876953125
241.86477661132812 561.3651123046875
313.5284118652344 546.4352416992188
322.4863586425781 543.44921875
403.1079406738281 373.24810791015625
346.3742370605469 418.0378723144531
567.3370971679688 633.02880859375
579.2810668945312 621.0848388671875
307.5564270019531 507.617431640625
441.9257507324219 564.3511352539062
259.7806701660156 582.2670288085938
349.3602294921875 546.4352416992188
376.23406982421875 588.239013671875
415.0518798828125 525.5333251953125
137.3553009033203 615.1128540039062
95.551513671875 633.02880859375
424.00982666015625 549.4212036132812
173.18711853027344 630.0427856445312
101.52348327636719 540.4632568359375
438.93975830078125 558.379150390625
453.86968994140625 615.1128540039062
456.8556823730469 582.2670288085938
164.22915649414062 624.07080078125
394.1499938964844 408.48272705078125
372.6509094238281 612.72412109375
322.4863586425781 616.3072509765625
121.82818603515625 616.3072509765625
354.7350158691406 612.72412109375
537.477294921875 612.72412109375
136.16090393066406 612.72412109375
121.82818603515625 623.4736328125
541.0604858398438 566.1427612304688
329.6527404785156 605.5577392578125
412.06591796875 566.1427612304688
240.07318115234375 562.5595703125
408.48272705078125 379.8172912597656
343.9854736328125 390.56683349609375
415.64910888671875 390.56683349609375
404.8995361328125 397.7331848144531
229.32363891601562 562.5595703125
343.9854736328125 408.48272705078125
304.5704650878906 533.8941040039062
415.64910888671875 408.48272705078125
573.30908203125 558.9763793945312
386.983642578125 415.64910888671875
408.48272705078125 415.64910888671875
347.5686340332031 419.2322692871094
390.56683349609375 426.3986511230469
505.2286376953125 558.9763793945312
354.7350158691406 558.9763793945312
555.3931884765625 566.1427612304688
372.6509094238281 440.7313537597656
386.983642578125 440.7313537597656
562.5595703125 555.3931884765625
530.3109130859375 555.3931884765625
447.8977355957031 555.3931884765625
376.2341003417969 555.3931884765625
222.1572723388672 555.3931884765625
376.2341003417969 594.8081665039062
265.15545654296875 573.30908203125
426.3986511230469 551.8099975585938
369.0677185058594 472.9800109863281
390.56683349609375 472.9800109863281
408.48272705078125 472.9800109863281
322.4863586425781 476.5632019042969
383.40045166015625 551.8099975585938
311.73681640625 483.72955322265625
419.2322692871094 587.641845703125
472.9800109863281 584.0586547851562
408.48272705078125 483.72955322265625
580.4754638671875 544.6436157226562
447.8977355957031 483.72955322265625
365.48455810546875 487.312744140625
394.1499938964844 487.312744140625
447.8977355957031 494.4790954589844
311.73681640625 498.0622863769531
318.9031982421875 498.0622863769531
429.9818115234375 584.0586547851562
311.73681640625 512.39501953125
250.82272338867188 573.30908203125
447.8977355957031 544.6436157226562
494.4790954589844 566.1427612304688
329.6527404785156 584.0586547851562
437.148193359375 541.0604858398438
501.64544677734375 573.30908203125
275.9049987792969 584.0586547851562
329.6527404785156 523.14453125
483.72955322265625 580.4754638671875
465.8136291503906 580.4754638671875
444.3145446777344 537.477294921875
250.82272338867188 580.4754638671875
419.2322692871094 526.7277221679688
476.5632019042969 576.8922729492188
315.32000732421875 533.8941040039062
426.3986511230469 530.3109130859375
458.64727783203125 530.3109130859375
555.3931884765625 573.30908203125
222.1572723388672 634.2232055664062
566.1427612304688 616.3072509765625
128.9945526123047 619.8904418945312
146.91046142578125 619.8904418945312
275.9049987792969 619.8904418945312
286.654541015625 619.8904418945312
340.40228271484375 619.8904418945312
376.2341003417969 619.8904418945312
544.6436157226562 619.8904418945312
111.0786361694336 623.4736328125
297.4040832519531 623.4736328125
361.9013671875 623.4736328125
204.24136352539062 627.0568237304688
232.9068145751953 627.0568237304688
268.7386474609375 627.0568237304688
304.5704650878906 627.0568237304688
139.7440948486328 630.6400146484375
415.64910888671875 630.6400146484375
551.8099975585938 630.6400146484375
128.9945526123047 634.2232055664062
150.49363708496094 634.2232055664062
211.40773010253906 634.2232055664062
404.8995361328125 465.8136291503906
394.1499938964844 376.2341003417969
462.23046875 619.8904418945312
426.3986511230469 601.9745483398438
164.8263702392578 623.4736328125
376.2341003417969 415.64910888671875
379.8172912597656 401.3163757324219
419.2322692871094 601.9745483398438
318.9031982421875 512.39501953125
290.23773193359375 605.5577392578125
243.6563720703125 630.6400146484375
386.983642578125 594.8081665039062
275.9049987792969 612.72412109375
469.3968200683594 623.4736328125
304.5704650878906 512.39501953125
447.8977355957031 616.3072509765625
336.819091796875 530.3109130859375
354.7350158691406 469.3968200683594
297.4040832519531 591.2250366210938
483.72955322265625 616.3072509765625
447.8977355957031 512.39501953125
311.73681640625 548.226806640625
257.9891052246094 623.4736328125
243.6563720703125 623.4736328125
193.4918212890625 623.4736328125
501.64544677734375 627.0568237304688
