1920 894
1574 214
1740 625
1889 453
1624 146
1655 145
1739 680
1744 676
1576 136
1706 394
1796 246
1635 130
1969 1005
1578 112
1884 874
1885 867
1618 204
1644 391
1822 765
1857 652
1737 610
1838 748
1760 738
1833 716
1933 895
1584 234
1627 16
1753 609
1773 529
1936 797
1617 90
1845 697
1911 923
1973 687
1756 685
1926 1066
1785 714
1855 291
1917 878
1603 171
1868 239
1994 993
1615 194
1746 737
1587 234
1620 88
1872 446
1888 864
1890 871
1937 1094
1597 184
1598 40
1978 714
1702 93
1559 91
1591 168
1640 446
1804 630
1719 295
1427 206
1625 6
1964 1027
