1062.2513427734375 2210.03271484375
953.6835327148438 1456.5758056640625
969.635986328125 1448.671875
1597.6732177734375 2100.941162109375
933.1405639648438 1859.9013671875
1115.235107421875 1792.939453125
1115.235107421875 1792.939453125
1597.6732177734375 2100.941162109375
924.2088012695312 969.6912231445312
1407.39453125 2095.759033203125
924.2088012695312 969.6912231445312
909.6080322265625 1456.85498046875
1497.234130859375 2077.28564453125
956.1348266601562 1690.416748046875
992.8055419921875 2189.954833984375
1497.234130859375 2077.28564453125
898.9335327148438 1832.10009765625
910.3455200195312 1860.603271484375
335.87506103515625 2203.836181640625
335.87506103515625 2203.836181640625
997.5518188476562 2132.30224609375
968.1497802734375 2132.658935546875
898.449462890625 1482.5374755859375
1012.0769653320312 2131.679931640625
1012.0769653320312 2131.679931640625
997.5518188476562 2132.30224609375
898.449462890625 1482.5374755859375
981.4856567382812 1446.991943359375
932.2734375 1406.147705078125
1613.8402099609375 2137.67138671875
938.0872802734375 1411.9825439453125
938.0872802734375 1411.9825439453125
795.8759155273438 2206.87255859375
932.158935546875 1433.4959716796875
956.7147216796875 391.1493835449219
956.8162231445312 1474.353759765625
931.9485473632812 1802.452392578125
1613.8402099609375 2137.67138671875
1088.3348388671875 1491.9453125
1443.616455078125 2088.015625
967.53662109375 1474.04736328125
938.5380859375 1399.7994384765625
1622.7685546875 2141.353271484375
967.471923828125 1405.3822021484375
967.471923828125 1405.3822021484375
938.5380859375 1399.7994384765625
938.5380859375 1399.7994384765625
938.5380859375 1399.7994384765625
1480.4769287109375 2107.838623046875
1480.4769287109375 2107.838623046875
1628.3018798828125 2138.934814453125
405.2232360839844 2206.783203125
1634.19384765625 2121.181396484375
913.7274169921875 1881.2620849609375
405.2232360839844 2206.783203125
897.101806640625 1406.8017578125
897.101806640625 1406.8017578125
1113.5274658203125 2202.657470703125
1072.478515625 1835.9140625
1642.1624755859375 2094.23681640625
996.7822875976562 1398.072021484375
1642.1624755859375 2094.23681640625
996.7822875976562 1398.072021484375
914.5794677734375 1412.7469482421875
914.5794677734375 1412.7469482421875
1650.8223876953125 2140.2958984375
1061.3773193359375 1799.5960693359375
946.2142333984375 1474.5216064453125
996.7822875976562 1398.072021484375
914.9773559570312 1449.956787109375
1238.24658203125 1845.0347900390625
1475.1220703125 2122.481689453125
1366.4031982421875 1849.209228515625
915.0554809570312 1400.40966796875
1050.240234375 1621.8841552734375
938.9578857421875 1860.1038818359375
915.0554809570312 1400.40966796875
1050.240234375 1621.8841552734375
915.0554809570312 1400.40966796875
996.7822875976562 1398.072021484375
896.60302734375 1810.35400390625
1294.296142578125 2162.057861328125
996.7822875976562 1398.072021484375
1294.296142578125 2162.057861328125
916.0711059570312 1860.3765869140625
964.3016967773438 1455.7342529296875
892.9362182617188 1477.8555908203125
964.2277221679688 1802.0008544921875
145.56039428710938 2224.018798828125
753.5474243164062 1838.5833740234375
963.9630737304688 1830.971435546875
982.7340698242188 1281.023193359375
1678.9013671875 2139.12158203125
1002.2635498046875 1404.1087646484375
1061.9552001953125 1829.0277099609375
918.6868286132812 1832.2685546875
982.9381713867188 2132.361328125
982.9381713867188 2132.361328125
888.4244384765625 1251.00146484375
1082.0242919921875 1828.713134765625
752.990478515625 1805.4310302734375
1074.6160888671875 1942.280029296875
1707.6422119140625 2137.98876953125
17.36448097229004 2127.93798828125
919.2760009765625 1803.132080078125
919.5524291992188 1482.11474609375
1684.1688232421875 2059.708251953125
961.5404663085938 1808.7529296875
893.218017578125 1861.8033447265625
1684.6197509765625 2136.302490234375
961.5404663085938 1808.7529296875
1010.9371948242188 1851.6378173828125
962.3207397460938 1481.0960693359375
920.427001953125 1406.4814453125
920.554931640625 1456.7088623046875
1836.282958984375 2154.308349609375
1836.282958984375 2154.308349609375
983.5371704101562 1480.41796875
751.595703125 2028.0003662109375
983.8495483398438 1801.931884765625
983.9682006835938 1830.930419921875
1301.2568359375 2163.563720703125
1001.1510009765625 1866.4385986328125
751.595703125 2028.0003662109375
996.2919311523438 1869.8193359375
961.7783203125 1861.160888671875
1001.1510009765625 1866.4385986328125
984.4478149414062 1863.6280517578125
884.0902099609375 1884.1395263671875
984.4478149414062 1863.6280517578125
961.8553466796875 1399.0487060546875
1010.9371948242188 1851.6378173828125
961.8553466796875 1399.0487060546875
961.7783203125 1861.160888671875
798.0865478515625 1415.305419921875
798.0865478515625 1415.305419921875
152.7743377685547 2227.40185546875
1116.15283203125 1821.839111328125
1116.15283203125 1821.839111328125
799.4846801757812 1402.8583984375
799.4846801757812 1402.8583984375
799.4846801757812 1402.8583984375
799.8037719726562 1811.80078125
799.8037719726562 1811.80078125
1048.734375 1800.66455078125
801.1965942382812 2195.17041015625
801.1965942382812 2195.17041015625
680.171875 2191.5751953125
804.0292358398438 1409.129150390625
804.0292358398438 1409.129150390625
804.031494140625 1881.756591796875
804.031494140625 1881.756591796875
679.8197021484375 1856.7196044921875
679.8197021484375 1856.7196044921875
947.889404296875 1447.814453125
792.3558349609375 1408.919921875
792.3558349609375 1408.919921875
679.8197021484375 1856.7196044921875
947.889404296875 1447.814453125
948.5623168945312 823.12255859375
679.8197021484375 1856.7196044921875
678.9302368164062 1869.0570068359375
1307.1353759765625 2161.447998046875
929.0985107421875 1809.389892578125
1122.1712646484375 2202.798583984375
948.5570678710938 1263.913818359375
1123.8858642578125 1887.026123046875
948.5570678710938 1263.913818359375
929.0985107421875 1809.389892578125
1123.8858642578125 1887.026123046875
675.1597290039062 2201.457275390625
675.1597290039062 2201.457275390625
1098.53857421875 1798.6689453125
1098.53857421875 1798.6689453125
1248.8438720703125 2108.894287109375
1043.584716796875 1397.00927734375
1125.058349609375 1821.277587890625
1125.058349609375 1821.277587890625
1043.584716796875 1397.00927734375
1043.584716796875 1397.00927734375
957.637939453125 551.3347778320312
1043.584716796875 1397.00927734375
715.1818237304688 1728.3704833984375
940.9901123046875 1481.865478515625
771.4713745117188 1805.2489013671875
1126.2921142578125 1796.95263671875
879.4778442382812 1413.2510986328125
671.1927490234375 1864.6602783203125
808.0615234375 1947.720458984375
539.8321533203125 2205.660888671875
715.582275390625 1811.154052734375
734.85693359375 1828.7269287109375
879.4778442382812 1413.2510986328125
1315.2586669921875 2161.6279296875
734.85693359375 1828.7269287109375
668.837890625 2196.70068359375
811.229736328125 1840.7745361328125
1823.10888671875 1832.480224609375
1107.95166015625 1789.9559326171875
951.8856811523438 1481.33203125
1823.10888671875 1832.480224609375
1132.2178955078125 1916.9764404296875
664.3759155273438 1983.0343017578125
664.3759155273438 1983.0343017578125
769.4188842773438 1834.0311279296875
1132.3714599609375 1855.906494140625
1132.3714599609375 1855.906494140625
662.9404907226562 1804.140869140625
539.2445068359375 2192.10888671875
539.2445068359375 2192.10888671875
1135.8973388671875 1790.6968994140625
1135.8973388671875 1790.6968994140625
163.35011291503906 2200.65966796875
1107.95166015625 1789.9559326171875
951.5646362304688 1802.5999755859375
1039.841796875 1880.3173828125
94.69490051269531 2242.65185546875
94.69490051269531 2242.65185546875
747.6723022460938 1811.817626953125
1039.6522216796875 1836.686279296875
1136.3997802734375 1803.0
1097.3671875 1832.461669921875
1066.1761474609375 1477.3626708984375
815.6533813476562 1408.9713134765625
815.6533813476562 1408.9713134765625
1384.9840087890625 2079.9755859375
1039.253662109375 1929.207763671875
816.7595825195312 2183.177734375
989.0538330078125 1476.3450927734375
989.0538330078125 1476.3450927734375
538.222412109375 2198.415771484375
538.222412109375 2198.415771484375
538.222412109375 2198.415771484375
816.7595825195312 2183.177734375
820.0299682617188 1919.4505615234375
1066.1761474609375 1477.3626708984375
820.0299682617188 1919.4505615234375
820.0299682617188 1919.4505615234375
1142.0047607421875 1651.871337890625
1142.0047607421875 1651.871337890625
1905.5234375 1931.0733642578125
1905.5234375 1931.0733642578125
821.3519287109375 1414.792724609375
821.3519287109375 1414.792724609375
821.9713745117188 1402.127685546875
821.9713745117188 1402.127685546875
821.9713745117188 1402.127685546875
1037.326171875 1403.1583251953125
1902.343017578125 1946.675537109375
1902.343017578125 1946.675537109375
646.5906982421875 1869.685791015625
1902.343017578125 1946.675537109375
1066.2034912109375 1408.17919921875
824.9063720703125 1873.8453369140625
1148.5145263671875 1685.81982421875
1066.281982421875 1885.0670166015625
718.1403198242188 1863.3099365234375
827.072509765625 1408.5504150390625
891.1760864257812 1413.0426025390625
891.1760864257812 1413.0426025390625
827.072509765625 1408.5504150390625
827.7554321289062 1576.917724609375
827.7554321289062 1576.917724609375
958.8466796875 1448.8311767578125
1150.974853515625 2200.18212890625
958.8466796875 1448.8311767578125
828.3723754882812 1692.4085693359375
1896.35498046875 1872.4383544921875
828.3723754882812 1692.4085693359375
1151.8489990234375 2213.925537109375
1151.8489990234375 2213.925537109375
1329.75830078125 2159.770263671875
1032.555419921875 1853.841796875
1155.4520263671875 1860.5211181640625
1080.58203125 1799.5616455078125
1084.265625 1687.27783203125
1008.1664428710938 1410.0672607421875
1256.2945556640625 1875.8487548828125
1084.265625 1687.27783203125
832.0540161132812 1811.3343505859375
832.0540161132812 1811.3343505859375
1084.265625 1687.27783203125
833.5795288085938 1402.07421875
833.5795288085938 1402.07421875
833.5795288085938 1402.07421875
880.8527221679688 1400.6956787109375
833.5795288085938 1402.07421875
833.8306274414062 1833.0863037109375
1030.711181640625 1472.796142578125
1067.134521484375 1420.220458984375
885.4986572265625 1407.0465087890625
994.9224243164062 2203.007568359375
460.5080871582031 2205.64013671875
835.1219482421875 1804.3565673828125
1162.5125732421875 1797.2630615234375
835.1713256835938 2184.4404296875
1888.087890625 1927.3284912109375
1888.087890625 1927.3284912109375
1163.3212890625 1855.7010498046875
1887.8779296875 1944.6844482421875
1887.8779296875 1944.6844482421875
1887.8779296875 1944.6844482421875
1006.9781494140625 1837.353759765625
837.167236328125 1631.5850830078125
786.9031982421875 1427.2225341796875
460.5080871582031 2205.64013671875
741.2439575195312 1819.5341796875
621.3333740234375 2122.15869140625
786.9031982421875 1427.2225341796875
765.8889770507812 1499.6610107421875
765.8889770507812 1499.6610107421875
891.6103515625 1400.97314453125
786.9031982421875 1427.2225341796875
839.0144653320312 1408.2283935546875
840.9876708984375 1914.4688720703125
1026.90771484375 2131.79443359375
1026.90771484375 2131.79443359375
1168.3255615234375 1789.9346923828125
614.3782348632812 1856.8353271484375
891.6103515625 1400.97314453125
1092.81640625 1895.2801513671875
1054.9874267578125 1396.57763671875
842.2930297851562 1870.231201171875
1171.356689453125 1847.749755859375
891.6103515625 1400.97314453125
1092.81640625 1895.2801513671875
844.0185546875 1840.11083984375
1171.885498046875 1860.1610107421875
607.2642211914062 2218.1298828125
844.9042358398438 1401.74658203125
844.9042358398438 1401.74658203125
844.9042358398438 1401.74658203125
845.1171875 1497.4921875
1339.9342041015625 1887.2694091796875
1025.510986328125 1403.3321533203125
1025.510986328125 1403.3321533203125
1339.9342041015625 1887.2694091796875
1025.510986328125 1403.3321533203125
1182.6236572265625 2207.352783203125
953.9570922851562 1434.2064208984375
926.4288330078125 1412.54833984375
953.9570922851562 1434.2064208984375
926.4288330078125 1412.54833984375
1182.6236572265625 2207.352783203125
1023.3600463867188 1871.3406982421875
1023.3600463867188 1871.3406982421875
850.5181884765625 1407.992919921875
850.5181884765625 1407.992919921875
936.5003662109375 1447.1025390625
936.5003662109375 1447.1025390625
1190.16015625 1793.740234375
1020.9509887695312 1924.595458984375
1049.3499755859375 1829.672607421875
1020.1857299804688 1396.9442138671875
936.364990234375 1428.918212890625
1020.1857299804688 1396.9442138671875
1020.1857299804688 1396.9442138671875
1735.553955078125 2120.400390625
1196.6680908203125 1854.764892578125
1196.697509765625 1787.83251953125
1020.1200561523438 1688.91845703125
1433.71240234375 1901.572265625
1020.1200561523438 1688.91845703125
1871.173583984375 2123.693603515625
1871.173583984375 2123.693603515625
1871.173583984375 2123.693603515625
582.140625 2212.318603515625
1020.1200561523438 1688.91845703125
858.1859741210938 2181.54736328125
950.1707153320312 1399.460205078125
1871.173583984375 2123.693603515625
858.1859741210938 2181.54736328125
858.290771484375 1425.0511474609375
53.977752685546875 2140.2822265625
53.977752685546875 2140.2822265625
960.0694580078125 1427.6292724609375
960.0694580078125 1427.6292724609375
858.290771484375 1425.0511474609375
950.1707153320312 1399.460205078125
950.1707153320312 1399.460205078125
1433.71240234375 1901.572265625
874.6354370117188 1407.3912353515625
1433.71240234375 1901.572265625
950.1707153320312 1399.460205078125
1203.5882568359375 1788.956298828125
858.4192504882812 1887.8746337890625
892.1716918945312 1691.7845458984375
55.60150909423828 2272.6259765625
1204.958251953125 1859.5579833984375
1209.3592529296875 1795.8446044921875
862.69677734375 1407.3807373046875
864.6942749023438 1865.521484375
1145.874267578125 1797.3638916015625
864.6942749023438 1865.521484375
725.237060546875 1894.24609375
183.63528442382812 2208.686767578125
944.0049438476562 1405.8499755859375
125.27291870117188 2245.636474609375
944.0049438476562 1405.8499755859375
935.424072265625 1474.737548828125
1221.8162841796875 1859.105224609375
555.4188842773438 2205.547119140625
1013.8743286132812 1403.75
1103.99609375 1804.949462890625
1103.99609375 1804.949462890625
902.3159790039062 2201.65771484375
902.3159790039062 2201.65771484375
975.2545776367188 1455.320068359375
892.1716918945312 1691.7845458984375
977.3655395507812 1285.7127685546875
903.3041381835938 1400.744873046875
128.08050537109375 2178.587158203125
128.08050537109375 2178.587158203125
903.3041381835938 1400.744873046875
903.3041381835938 1400.744873046875
903.5436401367188 1475.5194091796875
1549.117919921875 2218.783935546875
950.1707153320312 1399.460205078125
904.650390625 383.27655029296875
974.013671875 1866.556640625
1518.287109375 2099.394287109375
973.2518920898438 1398.1197509765625
1274.798095703125 2113.620361328125
973.2518920898438 1398.1197509765625
1057.2147216796875 1935.2125244140625
1514.83349609375 1947.783203125
1565.228271484375 2242.6328125
981.4139404296875 1277.0950927734375
1057.2147216796875 1935.2125244140625
1565.228271484375 2242.6328125
955.6668090820312 1405.4805908203125
955.6668090820312 1405.4805908203125
1565.228271484375 2242.6328125
1722.28955078125 2167.9462890625
972.886474609375 1480.80322265625
1278.43896484375 2162.384521484375
1575.21630859375 2224.104736328125
1057.553466796875 1856.0657958984375
782.1096801757812 2199.2578125
1575.21630859375 2224.104736328125
1057.553466796875 1856.0657958984375
1278.43896484375 2162.384521484375
978.6690673828125 1863.0538330078125
886.8538818359375 1803.998291015625
908.1077880859375 1435.3345947265625
978.6690673828125 1863.0538330078125
924.746337890625 1475.0672607421875
924.746337890625 1475.0672607421875
908.1077880859375 1435.3345947265625
955.95361328125 1860.728759765625
955.95361328125 1860.728759765625
1503.054931640625 2141.354248046875
978.9514770507812 1404.4078369140625
347.46197509765625 2220.508056640625
887.4769287109375 1862.4638671875
347.46197509765625 2220.508056640625
908.8292236328125 1406.67822265625
1585.7413330078125 2214.104736328125
1585.7413330078125 2214.104736328125
956.0767822265625 1248.4290771484375
908.943359375 1482.3330078125
64.98255920410156 2202.50537109375
64.98255920410156 2202.50537109375
1587.4427490234375 2319.5517578125
933.1405639648438 1859.9013671875
1499.2957763671875 2107.711181640625
1499.2957763671875 2107.711181640625
1091.5347900390625 1950.4208984375
1091.5347900390625 1950.4208984375
941.797119140625 1794.251953125
844.6409301757812 1818.6541748046875
1173.878662109375 1801.5272216796875
1856.3145751953125 1955.4605712890625
1856.3145751953125 1955.4605712890625
983.5735473632812 1427.4854736328125
983.8837280273438 887.9437255859375
689.3388061523438 1797.806396484375
727.9869995117188 1800.9569091796875
1088.7684326171875 1896.3040771484375
867.4287109375 1803.5704345703125
1454.127197265625 1677.990234375
1174.9228515625 2189.385986328125
796.459228515625 1749.200927734375
796.459228515625 1749.200927734375
1355.66162109375 2023.6099853515625
891.726318359375 2128.113037109375
987.70361328125 1371.2991943359375
921.55322265625 1809.5330810546875
921.55322265625 1809.5330810546875
728.3287963867188 1800.23974609375
1697.2469482421875 2134.5693359375
728.3287963867188 1800.23974609375
1480.0029296875 2131.25634765625
868.2706298828125 791.4490966796875
1233.355224609375 1832.599853515625
1763.7822265625 2192.54931640625
1025.9022216796875 1793.168212890625
690.011962890625 1806.2733154296875
1011.6048583984375 1689.5321044921875
1764.0240478515625 2232.2080078125
795.765380859375 1536.4161376953125
1025.9022216796875 1793.168212890625
1011.6048583984375 1689.5321044921875
1764.0240478515625 2232.2080078125
1011.43310546875 1689.579345703125
1011.43310546875 1689.579345703125
1071.735107421875 1814.1888427734375
997.2882690429688 1503.662109375
1177.3214111328125 1804.337890625
846.7442016601562 1593.278564453125
1764.4974365234375 1838.3829345703125
846.7442016601562 1593.278564453125
868.8194580078125 1590.2850341796875
1764.95849609375 2310.992431640625
224.7564697265625 2147.191650390625
846.8482055664062 2210.997314453125
847.0267944335938 1501.658447265625
978.09716796875 1473.6737060546875
906.316162109375 1864.317626953125
957.3677368164062 915.4254150390625
1848.4383544921875 1911.9407958984375
1481.1702880859375 2133.62744140625
957.3677368164062 915.4254150390625
1512.3319091796875 1894.6890869140625
930.2965698242188 1481.9173583984375
847.37060546875 1484.8299560546875
847.37060546875 1484.8299560546875
923.61083984375 935.1417846679688
1179.80078125 1855.08544921875
1179.80078125 1855.08544921875
957.14501953125 2179.192138671875
1179.80078125 1855.08544921875
1180.170166015625 1791.4837646484375
847.4954833984375 1165.928466796875
923.61083984375 935.1417846679688
957.0958862304688 1756.01416015625
957.0845947265625 1745.986328125
1771.5843505859375 1919.8294677734375
1771.5843505859375 1919.8294677734375
1481.1702880859375 2133.62744140625
897.4825439453125 1865.6875
756.0291137695312 1901.182861328125
756.0291137695312 1901.182861328125
1181.406982421875 1803.5546875
992.4180908203125 970.4180297851562
897.6497802734375 1807.6304931640625
1844.223876953125 1170.52978515625
1443.50537109375 1954.309326171875
1181.406982421875 1803.5546875
1843.8720703125 2230.877685546875
923.8380126953125 922.8831787109375
897.6497802734375 1807.6304931640625
1843.4710693359375 2238.183349609375
730.314208984375 1963.0875244140625
956.5066528320312 1176.8621826171875
1842.383056640625 1898.84619140625
923.8380126953125 922.8831787109375
1612.2884521484375 2225.202880859375
870.4725952148438 1864.798583984375
956.35302734375 1176.5948486328125
932.8555297851562 366.91064453125
926.350830078125 830.4718627929688
1368.144287109375 1957.557861328125
1087.217041015625 1893.4898681640625
932.8555297851562 366.91064453125
1839.556640625 1905.9532470703125
1612.2884521484375 2225.202880859375
939.5531005859375 1233.416259765625
793.0388793945312 1862.4224853515625
793.0388793945312 1862.4224853515625
731.57470703125 2078.529541015625
926.3331909179688 848.5269165039062
1087.217041015625 1893.4898681640625
793.0388793945312 1862.4224853515625
996.6200561523438 1018.2064208984375
1051.25927734375 1793.2791748046875
939.8241577148438 2194.97119140625
972.2617797851562 1452.00927734375
972.2617797851562 1452.00927734375
996.3673095703125 1410.3289794921875
933.3063354492188 1287.8692626953125
1110.319091796875 1863.8623046875
1110.319091796875 1863.8623046875
1183.2645263671875 1740.8489990234375
968.0474853515625 344.82952880859375
886.92626953125 1353.7156982421875
900.6407470703125 1129.349365234375
981.2485961914062 1421.965087890625
981.2485961914062 1421.965087890625
1075.518310546875 1608.323974609375
1110.1925048828125 1812.438720703125
1244.996826171875 1852.7972412109375
1443.50537109375 1954.309326171875
940.3058471679688 1192.0406494140625
1051.5208740234375 1807.3885498046875
1244.996826171875 1852.7972412109375
1183.2645263671875 1740.8489990234375
954.753173828125 512.8773193359375
954.5916137695312 1158.0963134765625
695.0929565429688 1868.6640625
23.101354598999023 2143.5595703125
996.3673095703125 1410.3289794921875
695.0929565429688 1868.6640625
1051.5208740234375 1807.3885498046875
1183.4781494140625 1974.8411865234375
1835.2210693359375 1902.4168701171875
1183.4781494140625 1974.8411865234375
923.9907836914062 927.8984985351562
1052.0987548828125 1836.36962890625
1052.0987548828125 1836.36962890625
923.9907836914062 927.8984985351562
1494.493896484375 2065.39794921875
791.6815795898438 1425.1702880859375
1246.2744140625 1868.5208740234375
979.4935913085938 1110.4029541015625
1498.4334716796875 2132.920654296875
993.7847290039062 1808.310791015625
993.7847290039062 1808.310791015625
1498.4334716796875 2132.920654296875
886.2835083007812 1832.7161865234375
954.2900390625 853.11474609375
1429.7584228515625 2079.59375
732.6927490234375 1750.303466796875
1396.2294921875 2110.142333984375
954.0441284179688 1808.8642578125
696.6572875976562 1854.9637451171875
959.5050048828125 1200.3486328125
871.0777587890625 1354.29443359375
696.6572875976562 1854.9637451171875
952.0491333007812 477.22882080078125
960.3096313476562 1287.811279296875
954.0441284179688 1808.8642578125
1052.494873046875 1884.2540283203125
850.5216674804688 1042.0513916015625
954.0009155273438 1227.600830078125
1086.404541015625 1743.01171875
1086.404541015625 1743.01171875
941.0822143554688 789.0196533203125
953.9354858398438 1838.3858642578125
871.1267700195312 736.906982421875
909.5239868164062 1795.140869140625
1800.6856689453125 1898.0020751953125
1596.1343994140625 2252.6396484375
1009.3363037109375 1872.719970703125
459.70770263671875 2186.07373046875
697.867919921875 1695.7147216796875
697.867919921875 1695.7147216796875
155.34381103515625 2106.833984375
595.5515747070312 1887.550048828125
951.5730590820312 1864.5203857421875
155.34381103515625 2106.833984375
1595.3013916015625 2006.8404541015625
30.58403778076172 2216.224365234375
1107.94091796875 1569.452392578125
790.6973266601562 1534.93603515625
790.6973266601562 1534.93603515625
924.7183227539062 1746.5618896484375
733.5285034179688 1838.5333251953125
740.93212890625 1870.8040771484375
538.6017456054688 1979.0675048828125
733.5285034179688 1838.5333251953125
1086.1400146484375 1854.4140625
790.6973266601562 1534.93603515625
941.518310546875 1838.6470947265625
884.6058959960938 1692.0313720703125
740.93212890625 1870.8040771484375
538.6017456054688 1979.0675048828125
851.7423706054688 1067.6668701171875
1826.5382080078125 2068.9921875
1826.5382080078125 2068.9921875
740.9800415039062 1579.282958984375
1826.276123046875 1856.8955078125
1187.49658203125 1860.0833740234375
1826.276123046875 1856.8955078125
994.4818115234375 1796.4176025390625
960.6535034179688 592.344482421875
995.6171875 1421.6925048828125
790.3194580078125 1805.568603515625
852.6229858398438 1872.4962158203125
852.6229858398438 1872.4962158203125
1107.101806640625 2196.42724609375
1083.3302001953125 1805.7169189453125
1022.0 1527.4964599609375
1022.0 1527.4964599609375
994.9103393554688 1805.03125
941.7401733398438 1816.9661865234375
36.02046203613281 2216.091552734375
941.7401733398438 1816.9661865234375
738.4647216796875 2064.076904296875
892.5560302734375 1252.4871826171875
1085.88134765625 2129.992919921875
912.7791748046875 159.81736755371094
1081.69287109375 1894.9013671875
1806.1888427734375 1917.67724609375
1080.9981689453125 1610.4239501953125
343.9793395996094 2195.688232421875
1053.2767333984375 1528.380859375
908.7084350585938 1839.079345703125
909.12744140625 1817.5478515625
1188.6378173828125 1790.800537109375
162.86891174316406 2202.51806640625
909.12744140625 1817.5478515625
1084.4720458984375 1820.9757080078125
1084.4720458984375 1820.9757080078125
1021.5235595703125 1744.4678955078125
699.6090087890625 2022.994384765625
699.6090087890625 2022.994384765625
1021.5235595703125 1744.4678955078125
744.3031616210938 1796.9310302734375
1053.85595703125 1743.814453125
892.5560302734375 1252.4871826171875
1188.6378173828125 1790.800537109375
1053.85595703125 1743.814453125
1189.042724609375 1791.694580078125
924.6749267578125 1227.5738525390625
995.6171875 1421.6925048828125
735.9158325195312 1911.9979248046875
951.0454711914062 1831.70166015625
1007.5159912109375 1815.568359375
884.8442993164062 2175.6787109375
735.9158325195312 1911.9979248046875
700.7421264648438 1750.8218994140625
873.37646484375 2209.73388671875
873.37646484375 2209.73388671875
1260.3541259765625 2161.210693359375
1260.3541259765625 2161.210693359375
924.6749267578125 1227.5738525390625
1387.01611328125 2087.0390625
1586.7020263671875 1836.66162109375
1261.38134765625 1878.852783203125
1189.042724609375 1791.694580078125
1387.01611328125 2087.0390625
787.5892333984375 1945.19091796875
1431.2969970703125 2089.798828125
884.8442993164062 2175.6787109375
44.373046875 2207.060791015625
44.373046875 2207.060791015625
1085.42138671875 1479.1617431640625
900.2069091796875 1691.6845703125
797.6729125976562 2171.902587890625
687.4166870117188 1864.1295166015625
1054.9466552734375 1408.712646484375
798.2158203125 1841.133056640625
1054.9466552734375 1408.712646484375
929.3092041015625 990.65087890625
1020.7313232421875 1232.33984375
942.9358520507812 1006.1696166992188
942.9358520507812 1006.1696166992188
942.9358520507812 1006.1696166992188
685.3095703125 1948.085205078125
1006.4161376953125 1481.004150390625
786.650146484375 1990.7803955078125
799.62841796875 1339.8685302734375
799.62841796875 1339.8685302734375
800.0767211914062 1979.95654296875
800.0767211914062 1979.95654296875
1117.4573974609375 1831.7996826171875
684.5555419921875 1799.2479248046875
800.8722534179688 1809.2928466796875
1006.4161376953125 1481.004150390625
1117.7587890625 2200.468994140625
1104.5054931640625 2176.6259765625
987.39892578125 1868.455810546875
702.74755859375 2192.3291015625
929.2789916992188 823.2520751953125
801.2886962890625 1928.8377685546875
702.835693359375 1933.8590087890625
702.835693359375 1933.8590087890625
801.2886962890625 1928.8377685546875
702.835693359375 1933.8590087890625
801.892578125 1833.6431884765625
1431.9443359375 2225.4462890625
1431.9443359375 2225.4462890625
802.4882202148438 1463.8870849609375
802.4882202148438 1463.8870849609375
855.9805297851562 1840.0084228515625
703.107421875 1878.06494140625
802.949462890625 1804.7833251953125
703.107421875 1878.06494140625
1118.7230224609375 1742.4459228515625
856.3389892578125 2184.87109375
856.3920288085938 1826.43017578125
856.4290771484375 975.2092895507812
1758.600341796875 2194.6884765625
1757.6729736328125 2105.2451171875
1006.4161376953125 1481.004150390625
207.22019958496094 2133.532470703125
1044.9197998046875 1877.4091796875
1044.9197998046875 1877.4091796875
1122.8167724609375 2133.618408203125
1123.157958984375 1969.981689453125
703.6057739257812 1811.7857666015625
703.6057739257812 1811.7857666015625
1123.157958984375 1969.981689453125
1006.380859375 1792.9306640625
1056.1617431640625 2131.325439453125
676.1163940429688 2209.34912109375
874.3851318359375 305.0343933105469
703.6980590820312 1811.644287109375
874.3851318359375 305.0343933105469
675.1282348632812 2193.57763671875
806.970947265625 1355.6737060546875
989.47900390625 951.2984619140625
1006.342041015625 1868.355712890625
1020.1201171875 1492.836669921875
1056.1617431640625 2131.325439453125
1056.3184814453125 1913.8018798828125
857.0114135742188 1810.9444580078125
857.0114135742188 1810.9444580078125
704.3802490234375 1695.6785888671875
704.3802490234375 1695.6785888671875
672.497802734375 1800.5413818359375
925.8339233398438 1018.4638671875
672.497802734375 1800.5413818359375
925.8339233398438 1018.4638671875
928.9627075195312 1863.327392578125
784.4563598632812 1576.26513671875
672.4612426757812 2197.99609375
57.37203598022461 2114.1220703125
1125.512939453125 1916.7801513671875
1125.607421875 1812.64697265625
1125.607421875 1812.64697265625
807.9046630859375 1658.36767578125
857.2471313476562 1061.4178466796875
857.2471313476562 1061.4178466796875
671.4743041992188 1812.646240234375
671.4743041992188 1812.646240234375
1043.1915283203125 1409.11279296875
1128.71923828125 2032.35986328125
668.8040161132812 1751.4798583984375
668.8040161132812 1751.4798583984375
950.1686401367188 739.60546875
809.85009765625 1458.8946533203125
809.85009765625 1458.8946533203125
809.85009765625 1458.8946533203125
667.2916259765625 2077.61865234375
667.2916259765625 2077.61865234375
1005.299072265625 2150.793212890625
1130.4002685546875 1798.18310546875
1130.6248779296875 1793.497802734375
1130.7943115234375 1789.4281005859375
810.6224365234375 1402.8477783203125
1130.9219970703125 1798.2188720703125
810.6224365234375 1402.8477783203125
1201.6646728515625 1810.025146484375
1041.6395263671875 2131.092041015625
989.3524780273438 1745.20166015625
811.6256713867188 1450.6500244140625
812.1504516601562 1818.7921142578125
706.9995727539062 1805.6922607421875
812.1504516601562 1818.7921142578125
812.4214477539062 1402.4788818359375
989.3524780273438 1745.20166015625
959.8689575195312 297.52423095703125
1133.7144775390625 1835.3604736328125
1280.8853759765625 2336.44140625
781.2745971679688 1797.4146728515625
1039.865966796875 1908.4696044921875
64.02872467041016 2165.1591796875
659.6915893554688 1800.7908935546875
814.7752075195312 1460.528076171875
64.71430969238281 2244.296875
64.71430969238281 2244.296875
1280.8853759765625 2336.44140625
1058.8289794921875 1806.517333984375
1003.77001953125 1867.94873046875
925.4730834960938 812.4252319335938
1003.77001953125 1867.94873046875
1058.8289794921875 1806.517333984375
1136.46337890625 1650.402099609375
576.307373046875 1940.007568359375
1136.89111328125 1834.2955322265625
1059.0584716796875 1794.7945556640625
876.1710205078125 638.978271484375
708.4525756835938 1834.3101806640625
1059.0994873046875 1822.3992919921875
656.6948852539062 1798.3721923828125
1003.7212524414062 1868.160400390625
1059.51318359375 1823.506591796875
1019.3136596679688 1837.0390625
779.7731323242188 1819.6268310546875
1730.0738525390625 2240.991455078125
656.6948852539062 1798.3721923828125
1137.638916015625 1981.4024658203125
1059.51318359375 1823.506591796875
1137.638916015625 1981.4024658203125
1204.443603515625 1846.94677734375
816.2471923828125 1712.9210205078125
1039.2000732421875 1814.945068359375
1039.1728515625 1455.150146484375
958.453125 1282.3729248046875
1730.0738525390625 2240.991455078125
654.9111328125 1864.201171875
1060.1451416015625 1824.8524169921875
817.3463134765625 1448.4085693359375
1038.8492431640625 1792.5015869140625
1206.0966796875 1800.4814453125
1139.3321533203125 1927.6956787109375
651.4380493164062 1821.211181640625
877.1475830078125 1818.0296630859375
651.4380493164062 1821.211181640625
1140.907958984375 1793.3707275390625
1060.9417724609375 1887.623046875
1140.907958984375 1793.3707275390625
1140.9625244140625 1789.2183837890625
1140.9625244140625 1789.2183837890625
945.8313598632812 640.8958129882812
945.8313598632812 640.8958129882812
1141.068359375 1797.9732666015625
516.9327392578125 2211.6474609375
945.8313598632812 640.8958129882812
1141.068359375 1797.9732666015625
820.9813842773438 1877.698486328125
958.453125 1282.3729248046875
1085.42138671875 1479.1617431640625
946.0516967773438 1725.53271484375
1142.373779296875 1835.4168701171875
1061.376220703125 1402.001220703125
1002.5362548828125 1334.126953125
1142.373779296875 1835.4168701171875
821.1911010742188 1833.98046875
927.7971801757812 893.5751342773438
648.0001831054688 1843.01220703125
647.8648071289062 1857.5423583984375
710.8294677734375 1806.220947265625
1018.2754516601562 1174.3623046875
710.8294677734375 1806.220947265625
710.8466186523438 1806.2664794921875
1036.996826171875 1443.003173828125
1036.996826171875 1443.003173828125
1002.388671875 1920.8497314453125
823.2005615234375 1251.2626953125
644.655517578125 1806.66162109375
946.494140625 1229.8157958984375
1145.362060546875 1926.8148193359375
1145.362060546875 1926.8148193359375
825.1055908203125 1694.00537109375
711.1600952148438 1801.5029296875
946.494140625 1229.8157958984375
513.5364379882812 2192.804443359375
513.5364379882812 2192.804443359375
825.1055908203125 1694.00537109375
642.5364379882812 1845.15625
1146.1248779296875 1857.5194091796875
1146.7510986328125 1655.963134765625
1146.7510986328125 1655.963134765625
1148.4066162109375 1802.8197021484375
860.96484375 1747.8912353515625
1034.307861328125 1453.1907958984375
1425.9542236328125 1874.7193603515625
1034.307861328125 1453.1907958984375
1148.958740234375 1821.138427734375
1148.958740234375 1821.138427734375
1300.5028076171875 2314.66845703125
1034.020263671875 1396.92236328125
860.96484375 1747.8912353515625
826.4960327148438 2093.558349609375
1034.020263671875 1396.92236328125
988.2027587890625 1473.545654296875
1150.580322265625 1833.91943359375
1150.6007080078125 1929.7745361328125
1033.5115966796875 1428.578857421875
927.0665283203125 2204.31884765625
1213.06103515625 1855.1484375
1150.862548828125 1741.544677734375
1150.862548828125 1741.544677734375
947.0621948242188 412.84454345703125
958.9722290039062 2079.32763671875
1151.8060302734375 1686.355224609375
1302.6566162109375 2112.976318359375
828.6127319335938 1748.2120361328125
712.4021606445312 1661.07958984375
1154.9886474609375 1846.3284912109375
1155.155517578125 2035.8529052734375
947.2450561523438 1088.122802734375
830.3788452148438 1581.0213623046875
830.7398681640625 1840.66162109375
1302.6566162109375 2112.976318359375
1016.3418579101562 1801.43798828125
1155.6900634765625 1790.2265625
1155.6900634765625 1790.2265625
831.4944458007812 1827.1005859375
831.4944458007812 1827.1005859375
831.5844116210938 1694.010009765625
831.5844116210938 1694.010009765625
713.4959106445312 2004.822265625
773.099609375 1617.17236328125
1031.4093017578125 1409.3729248046875
1031.4093017578125 1409.3729248046875
1214.46337890625 1819.4698486328125
1214.46337890625 1819.4698486328125
1031.153564453125 1877.819580078125
832.6212768554688 1414.291748046875
832.6212768554688 1414.291748046875
84.27124786376953 2115.26318359375
1030.9036865234375 1450.213623046875
834.3067626953125 1179.6409912109375
1161.31396484375 1691.2159423828125
1161.31396484375 1691.2159423828125
1030.5687255859375 1428.8150634765625
1426.5867919921875 2033.9000244140625
1162.8564453125 1844.117431640625
1163.271240234375 1792.8516845703125
1163.271240234375 1792.8516845703125
1742.63623046875 1813.016845703125
623.4764404296875 1853.5712890625
623.4764404296875 1853.5712890625
771.6522827148438 2188.8203125
862.8706665039062 1910.4078369140625
1163.4371337890625 1788.67919921875
1163.4371337890625 1788.67919921875
1742.63623046875 1813.016845703125
1064.9422607421875 1917.0997314453125
1029.0032958984375 1872.7015380859375
1000.0654907226562 1134.8565673828125
1426.5867919921875 2033.9000244140625
1027.9322509765625 1689.079345703125
1027.9322509765625 1689.079345703125
839.0267944335938 2206.4580078125
839.0267944335938 2206.4580078125
619.6551513671875 1844.00732421875
1015.799560546875 1910.833251953125
619.6551513671875 1844.00732421875
1912.993896484375 1845.974609375
1912.993896484375 1845.974609375
1027.8865966796875 1333.7039794921875
1027.8865966796875 1333.7039794921875
840.2642211914062 1854.2347412109375
1027.1275634765625 1824.6190185546875
1015.799560546875 1910.833251953125
1026.8839111328125 1253.4681396484375
1015.799560546875 1910.833251953125
716.4542846679688 1798.60546875
1026.8839111328125 1253.4681396484375
96.96813201904297 2112.33935546875
926.6221923828125 819.6054077148438
768.1881103515625 1615.2720947265625
613.3302612304688 2194.38330078125
716.6282958984375 1924.3583984375
864.1967163085938 1810.901611328125
1026.5030517578125 1836.7939453125
1026.5030517578125 1836.7939453125
1169.8355712890625 1830.354736328125
1325.50048828125 2109.639892578125
926.6221923828125 819.6054077148438
1026.317626953125 1807.5614013671875
558.614013671875 2204.537109375
960.3096313476562 1287.811279296875
1220.710205078125 1737.057861328125
1026.317626953125 1807.5614013671875
1220.8214111328125 1843.4957275390625
926.5930786132812 802.9618530273438
1171.8948974609375 1835.2989501953125
1173.3531494140625 1788.393798828125
1173.5120849609375 1792.57568359375
767.0311889648438 1839.311279296875
1173.5120849609375 1792.57568359375
999.6514892578125 1037.11962890625
767.0311889648438 1839.311279296875
499.7291564941406 2198.0498046875
499.7291564941406 2198.0498046875
1741.3516845703125 1947.6151123046875
1173.5794677734375 1797.152587890625
767.014892578125 1827.810546875
105.05998229980469 2111.97216796875
105.05998229980469 2111.97216796875
1066.8255615234375 1864.5196533203125
1173.5794677734375 1797.152587890625
865.4501953125 849.8746337890625
999.6514892578125 1037.11962890625
1173.878662109375 1801.5272216796875
844.6409301757812 1818.6541748046875
896.8931274414062 1827.2313232421875
892.8964233398438 1747.2100830078125
1655.012939453125 2024.1636962890625
1066.8255615234375 1864.5196533203125
865.7254638671875 1374.6622314453125
925.082763671875 2176.88720703125
1332.5682373046875 1927.3438720703125
1655.012939453125 2024.1636962890625
866.6159057617188 1832.4649658203125
766.1419067382812 1841.439208984375
1655.012939453125 2024.1636962890625
915.122314453125 1452.6334228515625
896.8724365234375 1250.341064453125
1093.2366943359375 1819.3787841796875
1093.2366943359375 1819.3787841796875
892.8964233398438 1747.2100830078125
1656.382080078125 2137.7158203125
1886.849365234375 1869.917236328125
1886.849365234375 1869.917236328125
1650.9730224609375 2101.121337890625
406.8486022949219 2217.19921875
296.7724304199219 2145.458984375
964.6265258789062 1249.1739501953125
1650.4215087890625 2007.0511474609375
1658.0716552734375 2006.64453125
1650.4215087890625 2007.0511474609375
1092.8985595703125 1901.771484375
896.1904296875 1177.7381591796875
721.3027954101562 1797.348388671875
1470.3470458984375 2101.673828125
1470.3470458984375 2101.673828125
915.7658081054688 1825.688232421875
902.5210571289062 1108.7054443359375
293.1335144042969 2219.64111328125
1537.11669921875 2101.555419921875
915.914794921875 1808.882568359375
896.8931274414062 1827.2313232421875
1476.1378173828125 1803.0433349609375
764.4990844726562 1749.6456298828125
964.2734375 635.6197509765625
896.1904296875 1177.7381591796875
1667.0869140625 2199.404296875
1667.0869140625 2199.404296875
963.5841064453125 1188.048828125
963.5841064453125 1188.048828125
1092.26171875 1495.466796875
1344.122802734375 1998.581298828125
917.2005615234375 381.4835510253906
282.3939514160156 2211.62158203125
282.3939514160156 2211.62158203125
1528.089111328125 2103.6015625
1344.2774658203125 2067.08935546875
1344.2774658203125 2067.08935546875
914.538330078125 1428.8817138671875
917.6014404296875 144.61590576171875
1344.734375 1844.647216796875
1344.734375 1844.647216796875
977.0302734375 1334.9559326171875
761.55810546875 1898.9161376953125
917.612060546875 911.1038818359375
982.6911010742188 1351.551513671875
917.7924194335938 421.4401550292969
1070.5518798828125 1385.815673828125
965.5663452148438 1809.193603515625
491.7212219238281 2201.025390625
896.9007568359375 1827.2578125
918.1089477539062 159.68960571289062
918.1807861328125 165.95602416992188
918.2875366210938 2203.599609375
982.6911010742188 1351.551513671875
1070.827392578125 2131.0234375
1070.827392578125 2131.0234375
986.4338989257812 1808.328369140625
918.3649291992188 1364.3331298828125
918.505859375 201.75965881347656
759.8045654296875 2287.091796875
759.8045654296875 2287.091796875
724.8845825195312 1819.9422607421875
1868.2716064453125 1921.3797607421875
1868.2716064453125 1921.3797607421875
759.774658203125 2159.427978515625
974.8490600585938 771.5137329101562
896.9007568359375 1827.2578125
895.8739013671875 1839.3948974609375
895.8739013671875 1839.3948974609375
922.5973510742188 1287.9737548828125
974.4049072265625 1816.377197265625
1070.851318359375 1791.9945068359375
897.1741333007812 383.99310302734375
914.07373046875 1475.325439453125
922.5973510742188 1287.9737548828125
974.4049072265625 1816.377197265625
904.5064086914062 370.0779724121094
1519.801025390625 1922.31640625
1075.518310546875 1608.323974609375
725.721435546875 1804.745361328125
1070.851318359375 1791.9945068359375
726.2438354492188 1828.6795654296875
726.2438354492188 1828.6795654296875
1070.9073486328125 1423.944091796875
1463.8067626953125 2107.7607421875
1862.9002685546875 1953.9619140625
1862.9002685546875 1953.9619140625
1463.5400390625 2214.822509765625
920.1390380859375 1863.9466552734375
1519.801025390625 1922.31640625
965.975830078125 1433.6214599609375
965.975830078125 1433.6214599609375
1519.801025390625 1922.31640625
1684.32421875 2222.12646484375
1462.9468994140625 2116.91748046875
974.173828125 1838.0657958984375
965.975830078125 1433.6214599609375
923.2529296875 495.2605285644531
904.8934936523438 1431.3631591796875
904.8934936523438 1431.3631591796875
966.6244506835938 1351.83837890625
974.056396484375 1793.668701171875
1630.579345703125 2101.445068359375
997.9343872070312 1249.7733154296875
985.8267822265625 907.7758178710938
913.2098388671875 370.03167724609375
1713.018798828125 2134.927978515625
920.6806030273438 1458.990478515625
1480.0029296875 2131.25634765625
997.9343872070312 1249.7733154296875
1355.66162109375 2023.6099853515625
900.9053955078125 383.9665832519531
920.6806030273438 1458.990478515625
757.83447265625 1826.3994140625
757.83447265625 1826.3994140625
900.9053955078125 383.9665832519531
1088.7684326171875 1896.3040771484375
895.2047729492188 1188.3663330078125
894.7672119140625 1403.098876953125
419.5806579589844 2205.02880859375
727.9869995117188 1800.9569091796875
859.6259155273438 1404.40966796875
859.6259155273438 1404.40966796875
1075.504638671875 2195.603515625
764.6609497070312 1725.9111328125
964.5798950195312 1401.5155029296875
982.3563232421875 1420.574951171875
915.7529296875 150.4638671875
976.1489868164062 787.0703125
1534.576904296875 2254.165771484375
915.7529296875 150.4638671875
976.1489868164062 787.0703125
976.0559692382812 1474.0615234375
962.949462890625 1226.7950439453125
845.1034545898438 1796.0845947265625
914.67724609375 1163.7060546875
964.372802734375 977.3494262695312
1025.9033203125 1687.70263671875
8.933797836303711 2110.1826171875
547.5012817382812 2203.77197265625
964.372802734375 977.3494262695312
964.372802734375 977.3494262695312
1710.3955078125 2124.542724609375
1710.3955078125 2124.542724609375
914.67724609375 1163.7060546875
12.330266952514648 2113.07177734375
12.330266952514648 2113.07177734375
1237.6942138671875 2226.6953125
1662.750244140625 2101.30029296875
1467.4998779296875 1708.16162109375
976.0559692382812 1474.0615234375
1113.0743408203125 1819.35595703125
914.5823974609375 1070.177490234375
1113.0743408203125 1819.35595703125
998.9193115234375 1368.95361328125
982.3563232421875 1420.574951171875
848.050048828125 1404.38134765625
1876.5850830078125 2086.53515625
1876.5850830078125 2086.53515625
1050.4921875 1365.317138671875
870.0384521484375 1826.828857421875
892.8746337890625 1757.2066650390625
870.1580200195312 1728.6363525390625
1666.7393798828125 1812.5482177734375
1666.7393798828125 1812.5482177734375
982.369140625 1822.8221435546875
1112.4482421875 1912.093505859375
1666.7393798828125 1812.5482177734375
17.00784683227539 2110.5302734375
17.00784683227539 2110.5302734375
848.050048828125 1404.38134765625
1051.1595458984375 1601.029296875
1669.1009521484375 2097.69384765625
963.5380859375 2084.59521484375
1242.78369140625 1869.2490234375
1668.2357177734375 1870.679443359375
975.219482421875 821.3892211914062
1542.83447265625 2061.03125
952.7808837890625 1817.019775390625
999.3592529296875 1286.03076171875
952.7808837890625 1817.019775390625
1183.00048828125 1751.5997314453125
952.7717895507812 1402.0400390625
939.5543212890625 1021.0816650390625
999.3592529296875 1286.03076171875
792.96142578125 1526.233642578125
952.7717895507812 1402.0400390625
926.2470703125 1336.3310546875
1542.83447265625 2061.03125
1244.0401611328125 2227.417724609375
940.06787109375 1928.1968994140625
940.06787109375 1928.1968994140625
1244.0401611328125 2227.417724609375
998.9193115234375 1368.95361328125
975.219482421875 821.3892211914062
792.537109375 1811.998291015625
792.537109375 1811.998291015625
1245.533203125 2211.0615234375
963.9639282226562 1690.2186279296875
688.202880859375 1852.8636474609375
1049.343017578125 1790.6397705078125
1021.019775390625 1635.054931640625
791.732177734375 1827.11474609375
791.732177734375 1827.11474609375
854.8984375 1235.6959228515625
929.5663452148438 368.2017822265625
1010.4776000976562 1161.9056396484375
929.5647583007812 1402.6094970703125
1116.1534423828125 1804.9398193359375
850.3933715820312 1480.626708984375
685.837890625 2080.996826171875
791.4788208007812 1852.0867919921875
685.837890625 2080.996826171875
1760.5540771484375 2135.605224609375
987.439697265625 925.46630859375
1262.515869140625 1882.55322265625
1023.0311889648438 1279.1279296875
1193.465576171875 1698.673828125
204.87911987304688 2176.37646484375
790.8562622070312 1840.5587158203125
1193.465576171875 1698.673828125
951.7160034179688 1335.636962890625
683.9105834960938 1813.327392578125
941.2010498046875 1402.3697509765625
851.4058227539062 1222.7379150390625
29.346437454223633 2203.767578125
801.775634765625 1405.63037109375
801.775634765625 1405.63037109375
703.0418701171875 1829.8887939453125
703.0418701171875 1829.8887939453125
1118.4080810546875 1752.782470703125
1047.06494140625 1349.5977783203125
32.230186462402344 2113.078369140625
851.6184692382812 1423.74658203125
851.7937622070312 1429.5621337890625
1046.949951171875 1822.0654296875
851.7937622070312 1429.5621337890625
698.54248046875 2064.777587890625
698.54248046875 2064.777587890625
803.5859985351562 1372.8607177734375
803.9766235351562 1971.8358154296875
803.9766235351562 1971.8358154296875
803.9766235351562 1971.8358154296875
1046.4239501953125 1399.4698486328125
929.11083984375 1825.697021484375
888.8675537109375 1825.9530029296875
1104.1875 2208.951904296875
929.11083984375 1825.697021484375
786.0577392578125 2171.9580078125
679.6951904296875 1798.0745849609375
1021.5722045898438 1754.8072509765625
679.6951904296875 1798.0745849609375
857.61767578125 1797.0093994140625
679.1944580078125 1802.1767578125
1046.4239501953125 1399.4698486328125
678.9306640625 1806.7381591796875
678.9306640625 1806.7381591796875
856.5765380859375 2177.011474609375
1121.9822998046875 2189.58935546875
591.017822265625 1890.571533203125
1121.9822998046875 2189.58935546875
786.0577392578125 2171.9580078125
533.5142822265625 1982.2611083984375
1259.0777587890625 2162.5341796875
805.4642333984375 1828.2515869140625
873.6572875976562 686.2798461914062
805.4642333984375 1828.2515869140625
889.604736328125 1797.1571044921875
675.1976928710938 1964.4388427734375
890.3756713867188 1231.69873046875
1191.467041015625 1942.483154296875
1043.703125 1858.89990234375
736.1251220703125 1819.9512939453125
929.04833984375 1825.51806640625
995.5770263671875 1210.0948486328125
995.5770263671875 1210.0948486328125
986.6944580078125 1823.036865234375
885.270751953125 304.76934814453125
785.7070922851562 1810.115478515625
929.04833984375 1825.51806640625
736.844482421875 1583.025146484375
979.0084838867188 1796.8172607421875
998.9193115234375 1368.95361328125
784.7802734375 1716.451171875
236.98863220214844 2189.2685546875
746.6345825195312 2050.631591796875
1733.3916015625 2232.834228515625
389.573974609375 2210.61962890625
784.3563232421875 1538.970703125
747.41015625 1800.9698486328125
1384.71240234375 1995.523193359375
1043.5712890625 1795.730224609375
909.0784301757812 1040.1806640625
979.0084838867188 1796.8172607421875
737.9456176757812 2188.830810546875
1199.73388671875 1833.1845703125
1502.249755859375 2092.17529296875
1019.7115478515625 2150.609375
1081.01220703125 1692.6119384765625
808.245849609375 1402.65380859375
808.245849609375 1402.65380859375
808.7221069335938 1474.64404296875
1384.71240234375 1995.523193359375
1128.9049072265625 1916.5604248046875
783.3174438476562 1444.6446533203125
857.61767578125 1797.0093994140625
1277.35107421875 2104.1650390625
665.5816650390625 2208.58349609375
665.5816650390625 2208.58349609375
812.0184936523438 1388.2049560546875
1132.416259765625 1922.6641845703125
812.2289428710938 1945.4908447265625
1381.9114990234375 1982.0736083984375
924.7096557617188 1068.147216796875
1132.7626953125 2053.025146484375
1133.1917724609375 2195.224853515625
813.0697021484375 1796.5860595703125
884.445556640625 480.09478759765625
813.3441772460938 1405.45263671875
1828.1915283203125 1986.560546875
660.5935668945312 1856.7921142578125
986.6944580078125 1823.036865234375
1753.1746826171875 1832.0130615234375
909.5400390625 1110.6103515625
740.3867797851562 1955.2025146484375
993.96435546875 1836.7952880859375
993.96435546875 1836.7952880859375
1753.1746826171875 1832.0130615234375
886.1021728515625 1370.6756591796875
175.91458129882812 2109.581298828125
928.7835693359375 1352.4951171875
928.7835693359375 1352.4951171875
1058.6099853515625 1793.6943359375
954.0347290039062 1824.138916015625
815.023193359375 1641.4171142578125
954.0347290039062 1824.138916015625
815.023193359375 1641.4171142578125
1434.0992431640625 2102.9580078125
1396.1820068359375 2060.3583984375
1396.1820068359375 2060.3583984375
970.648681640625 1043.568603515625
815.16259765625 1842.340087890625
235.64161682128906 2176.920166015625
886.2367553710938 446.0562438964844
900.5911254882812 1124.3515625
1377.9293212890625 2087.93701171875
1075.8011474609375 1375.7166748046875
1137.28662109375 1819.9293212890625
815.7695922851562 1358.9384765625
1019.2301025390625 1822.9124755859375
954.3477172851562 1794.72265625
518.5825805664062 2033.5404052734375
1793.0814208984375 1821.21337890625
655.970703125 1853.25439453125
1019.2301025390625 1822.9124755859375
817.2765502929688 1424.671875
935.9229125976562 806.3016967773438
1601.7044677734375 2092.51025390625
1205.643310546875 1792.159912109375
1139.7371826171875 1903.5487060546875
818.4331665039062 2056.714111328125
1140.46435546875 2196.1171875
970.9553833007812 1357.8597412109375
1003.306884765625 1084.7855224609375
1018.9983520507812 1793.64697265625
968.4226684570312 1389.319580078125
1003.2855834960938 1476.9832763671875
935.1878662109375 1886.8173828125
649.9616088867188 1799.6346435546875
954.670166015625 1474.5572509765625
928.3350219726562 1838.8179931640625
184.92926025390625 2107.8115234375
934.944091796875 1825.6661376953125
954.670166015625 1474.5572509765625
928.3350219726562 1838.8179931640625
1075.8011474609375 1375.7166748046875
649.0254516601562 1839.9637451171875
943.8329467773438 596.5518188476562
1442.872314453125 1696.1412353515625
877.2433471679688 1795.5770263671875
710.15087890625 1695.6988525390625
710.15087890625 1695.6988525390625
1653.9078369140625 2127.333740234375
1037.6671142578125 1352.8446044921875
927.5038452148438 1011.9508666992188
1609.142578125 1874.0244140625
1609.142578125 1874.0244140625
934.2704467773438 421.2772216796875
1609.142578125 1874.0244140625
949.4675903320312 444.041748046875
934.2704467773438 421.2772216796875
934.2704467773438 421.2772216796875
1036.9332275390625 1285.5648193359375
1295.55517578125 2113.390625
688.202880859375 1852.8636474609375
824.9567260742188 1338.884521484375
824.9567260742188 1338.884521484375
1017.2921142578125 1815.7640380859375
1002.2141723632812 1420.1231689453125
1400.2008056640625 2207.86328125
1075.05078125 1921.188232421875
1034.841552734375 1915.9334716796875
1001.548828125 1796.8865966796875
967.8639526367188 682.2030029296875
933.1981201171875 1012.0557861328125
933.1981201171875 1012.0557861328125
1146.6195068359375 1870.01708984375
860.7188110351562 1758.0596923828125
1299.6282958984375 2111.3095703125
1299.6282958984375 2111.3095703125
711.75537109375 1797.4149169921875
1299.6282958984375 2111.3095703125
996.7122192382812 1287.043212890625
1001.548828125 1796.8865966796875
711.75537109375 1797.4149169921875
77.8249740600586 2124.278564453125
826.7661743164062 2157.8095703125
967.8639526367188 682.2030029296875
946.9299926757812 1797.31884765625
638.81494140625 1864.229736328125
1072.730224609375 1892.52685546875
638.81494140625 1864.229736328125
946.9299926757812 1797.31884765625
883.1365966796875 1403.5762939453125
1150.718505859375 1751.5732421875
1776.981201171875 1984.76611328125
1776.981201171875 1984.76611328125
883.1365966796875 1403.5762939453125
1033.467041015625 1805.232666015625
988.124755859375 2181.880859375
1033.467041015625 1805.232666015625
1775.3912353515625 2180.414794921875
861.6973266601562 1895.2366943359375
1033.4647216796875 1795.889892578125
1151.1702880859375 2073.1005859375
1033.4647216796875 1795.889892578125
887.9424438476562 415.3230895996094
861.6973266601562 1895.2366943359375
888.09765625 383.43121337890625
828.5307006835938 1758.3094482421875
774.554443359375 2208.414306640625
196.8905792236328 2146.060546875
1031.90966796875 1372.0950927734375
1617.6187744140625 1997.6427001953125
888.274658203125 370.9454345703125
141.8291473388672 2123.3662109375
923.6648559570312 961.0388793945312
897.4639282226562 1404.08837890625
897.4639282226562 1404.08837890625
141.8291473388672 2123.3662109375
861.7323608398438 1870.860595703125
912.0856323242188 1475.614990234375
912.0856323242188 1475.614990234375
1031.90966796875 1372.0950927734375
1062.9647216796875 1807.1705322265625
830.6185913085938 1878.04296875
1062.9647216796875 1807.1705322265625
861.9898681640625 1232.233154296875
906.3934936523438 1402.9776611328125
906.3934936523438 1402.9776611328125
862.1116333007812 1513.81005859375
1157.7091064453125 1811.830810546875
1157.7091064453125 1811.830810546875
888.5989990234375 1826.801025390625
888.637939453125 1839.595947265625
948.6190795898438 1690.64404296875
1158.12451171875 1698.7998046875
882.7380981445312 1826.8231201171875
888.637939453125 1839.595947265625
832.509765625 1797.37890625
1000.9266357421875 1279.676025390625
1000.7858276367188 1806.12158203125
1724.2327880859375 2134.002685546875
1414.56298828125 2249.873291015625
1071.80224609375 2195.971435546875
234.5596923828125 2174.526611328125
900.888427734375 1336.7281494140625
757.3290405273438 1842.4376220703125
929.7337036132812 1797.4139404296875
987.9594116210938 1179.5972900390625
926.6713256835938 1279.8935546875
833.6588134765625 1284.4183349609375
984.9476318359375 1816.324462890625
922.0346069335938 1190.1951904296875
921.9750366210938 1795.8560791015625
987.9594116210938 1179.5972900390625
923.364990234375 636.758544921875
757.3290405273438 1842.4376220703125
1000.7858276367188 1806.12158203125
1000.4711303710938 1383.594970703125
1064.190185546875 1722.6785888671875
85.31593322753906 2126.789306640625
736.1251220703125 1819.9512939453125
912.8336181640625 165.88485717773438
835.131103515625 1205.3704833984375
948.532958984375 1107.0142822265625
1030.375732421875 1245.4896240234375
1162.8548583984375 1940.4466552734375
1162.8548583984375 1940.4466552734375
1000.4039916992188 1083.6846923828125
1703.8023681640625 2096.58984375
921.5803833007812 1824.588134765625
921.5803833007812 1824.588134765625
882.4811401367188 1004.8048706054688
1625.84716796875 2128.688720703125
1163.1268310546875 1852.688720703125
882.4811401367188 1004.8048706054688
1703.8023681640625 2096.58984375
1625.84716796875 2128.688720703125
1625.84716796875 2128.688720703125
1694.3953857421875 1899.92626953125
1064.190185546875 1722.6785888671875
948.5046997070312 1474.842041015625
983.8748168945312 1141.2303466796875
912.965576171875 1840.702392578125
921.20361328125 1839.01806640625
921.20361328125 1839.01806640625
1064.190185546875 1722.6785888671875
1692.338623046875 2097.763427734375
921.1215209960938 429.3682556152344
921.0623168945312 1826.3931884765625
921.0623168945312 1826.3931884765625
1098.3765869140625 1790.0758056640625
1064.754150390625 1794.1903076171875
836.4356689453125 1404.86328125
836.4356689453125 1404.86328125
900.888427734375 1336.7281494140625
1064.754150390625 1794.1903076171875
1164.38818359375 1801.3504638671875
837.5943603515625 1382.91943359375
912.965576171875 1840.702392578125
837.5943603515625 1382.91943359375
983.2106323242188 2178.36328125
727.58984375 1922.50537109375
1560.7581787109375 2104.55859375
905.1992797851562 1289.73291015625
924.8757934570312 1006.2626342773438
863.5374755859375 1839.3857421875
1556.5556640625 2245.7353515625
863.5374755859375 1839.3857421875
1066.117431640625 1804.204345703125
983.2106323242188 2178.36328125
1479.9017333984375 2116.743408203125
1462.729736328125 2049.053955078125
1462.729736328125 2049.053955078125
839.2775268554688 2176.810791015625
1462.729736328125 2049.053955078125
924.8757934570312 1006.2626342773438
839.8192138671875 1875.857666015625
1066.117431640625 1804.204345703125
1167.984130859375 2042.7210693359375
863.8809204101562 1826.23291015625
863.8809204101562 1826.23291015625
1168.8270263671875 1802.292236328125
922.4378051757812 536.072021484375
924.9113159179688 1756.5716552734375
1353.8876953125 1908.4937744140625
1427.54541015625 2256.20166015625
1071.2071533203125 1868.759033203125
920.1668090820312 1078.925048828125
1026.6055908203125 1795.3958740234375
842.9846801757812 1109.7296142578125
843.0983276367188 1196.95947265625
919.8623046875 1793.7413330078125
1353.8876953125 1908.4937744140625
919.8623046875 1793.7413330078125
843.1040649414062 2057.74560546875
1635.5079345703125 1942.0423583984375
919.7252197265625 987.3660278320312
1014.653564453125 1822.504638671875
1026.1837158203125 1419.439208984375
767.6871337890625 1866.2640380859375
1014.291015625 1688.02587890625
1014.291015625 1688.02587890625
766.8616943359375 1900.29248046875
1653.9078369140625 2127.333740234375
880.8325805664062 1441.191650390625
986.5321044921875 1377.832275390625
962.4385986328125 1228.3406982421875
1681.7392578125 2126.05029296875
1681.7392578125 2126.05029296875
1681.7392578125 2126.05029296875
881.0704345703125 375.8888854980469
759.5032958984375 1857.7908935546875
1334.0394287109375 2110.52734375
918.812744140625 1026.609130859375
976.4574584960938 1401.1595458984375
904.2474975585938 1798.5406494140625
765.99755859375 2189.49609375
1334.5196533203125 2258.28076171875
897.0345458984375 1796.5421142578125
274.6815185546875 2204.397216796875
274.6815185546875 2204.397216796875
904.2474975585938 1798.5406494140625
961.53173828125 1795.4669189453125
923.1293334960938 576.5703735351562
765.99755859375 2189.49609375
892.8746337890625 1757.2066650390625
976.4574584960938 1401.1595458984375
924.9859008789062 1352.700927734375
1115.0250244140625 1812.65234375
1115.0250244140625 1812.65234375
1071.0889892578125 1659.7369384765625
796.8302612304688 1889.1142578125
927.4865112304688 1191.254150390625
958.6717529296875 2201.913330078125
946.339599609375 1826.486328125
1401.0072021484375 1986.462646484375
1036.4052734375 1419.350341796875
1143.5955810546875 1826.2840576171875
6.513330459594727 2230.86865234375
1143.5955810546875 1826.2840576171875
938.068359375 817.3569946289062
1151.41259765625 2087.41357421875
824.1773071289062 1826.545654296875
1775.2677001953125 2176.12646484375
1609.394287109375 2111.489013671875
1011.31005859375 1400.3519287109375
953.0244140625 1695.1776123046875
953.0244140625 1695.1776123046875
1011.31005859375 1400.3519287109375
938.8425903320312 1083.0419921875
824.1773071289062 1826.545654296875
824.314208984375 1826.191650390625
1837.655029296875 2058.320068359375
1180.57568359375 1776.0870361328125
1180.57568359375 1776.0870361328125
1297.09130859375 2314.16650390625
861.4443359375 1221.7186279296875
900.7487182617188 1370.4422607421875
1241.6298828125 1849.866455078125
1778.4185791015625 2055.43994140625
793.3197021484375 1797.9185791015625
861.4443359375 1221.7186279296875
18.088525772094727 2232.050048828125
993.1258544921875 1689.870849609375
1778.4185791015625 2055.43994140625
849.51513671875 1800.0355224609375
870.6314086914062 1837.4761962890625
638.7218627929688 2228.88916015625
22.454883575439453 2127.592529296875
940.4847412109375 1388.6142578125
1778.4185791015625 2055.43994140625
1642.6746826171875 2036.879638671875
285.08990478515625 2205.4033203125
754.929443359375 1803.0816650390625
1642.6746826171875 2036.879638671875
1487.5328369140625 1815.8594970703125
1487.156005859375 1888.1072998046875
900.7487182617188 1370.4422607421875
1033.5921630859375 1834.402099609375
1487.156005859375 1888.1072998046875
825.7725830078125 1670.18798828125
1642.0390625 2251.417724609375
754.929443359375 1803.0816650390625
1781.2943115234375 1823.048095703125
1726.84765625 2097.85400390625
903.1184692382812 1836.99853515625
1001.4990234375 1051.1907958984375
1511.2039794921875 2254.436767578125
1476.3682861328125 2048.29150390625
1781.2943115234375 1823.048095703125
907.4315185546875 790.277099609375
918.0004272460938 829.9539794921875
940.5040283203125 386.81671142578125
1049.25341796875 1860.9974365234375
1415.898193359375 2245.128173828125
764.5474243164062 1760.0147705078125
918.1533203125 894.4190063476562
1049.25341796875 1860.9974365234375
999.4349975585938 1400.887939453125
999.4349975585938 1400.887939453125
1023.3135375976562 1559.1910400390625
998.38232421875 1823.119873046875
998.38232421875 1823.119873046875
791.5159301757812 1795.594970703125
293.51416015625 2204.584228515625
918.3034057617188 830.5697631835938
759.8707885742188 1658.166748046875
850.320556640625 1338.139404296875
850.320556640625 1338.139404296875
791.5159301757812 1795.594970703125
1415.898193359375 2245.128173828125
871.106201171875 1362.7666015625
1022.8351440429688 1400.3175048828125
1649.166259765625 1839.1934814453125
1678.373046875 2102.479736328125
1472.1761474609375 2001.1898193359375
1658.1322021484375 2100.427734375
1658.1322021484375 2100.427734375
1022.5189819335938 1913.133544921875
855.6405029296875 1794.6627197265625
720.7748413085938 1852.224365234375
720.7748413085938 1852.224365234375
855.6405029296875 1794.6627197265625
1475.6002197265625 2110.81005859375
49.39621353149414 2166.87060546875
915.3889770507812 2188.3798828125
915.3889770507812 2188.3798828125
922.9395751953125 1431.16796875
986.3593139648438 1795.05419921875
49.39621353149414 2166.87060546875
1022.5189819335938 1913.133544921875
30.232563018798828 2128.40478515625
855.8482666015625 1671.670654296875
1022.5189819335938 1913.133544921875
1195.7242431640625 1843.5283203125
871.8399658203125 1798.970947265625
871.8399658203125 1798.970947265625
1008.4654541015625 1104.6903076171875
1349.5970458984375 2207.641357421875
699.1459350585938 1944.1688232421875
699.1828002929688 2068.29541015625
1008.4654541015625 1104.6903076171875
997.9854736328125 1808.4359130859375
1053.820556640625 1754.241943359375
929.110107421875 1288.4815673828125
951.170654296875 816.1322021484375
1053.9000244140625 1921.6318359375
1053.9000244140625 1921.6318359375
1389.29931640625 2063.6025390625
744.8327026367188 2067.08447265625
746.623291015625 1910.4736328125
986.6050415039062 1377.4613037109375
608.9550170898438 1865.210205078125
970.0636596679688 1454.5926513671875
1079.8658447265625 1820.998779296875
807.5025634765625 1800.0068359375
807.5025634765625 1800.0068359375
1821.227294921875 1919.8216552734375
1014.9804077148438 1251.5667724609375
844.1823120117188 1135.7506103515625
1077.919677734375 2131.534423828125
1591.9508056640625 2308.69482421875
1591.9508056640625 2308.69482421875
1633.8890380859375 2104.091796875
1071.0889892578125 1659.7369384765625
970.0636596679688 1454.5926513671875
808.9397583007812 1883.720458984375
1014.9804077148438 1251.5667724609375
875.4304809570312 1337.55029296875
783.7979125976562 1838.7386474609375
1449.6529541015625 2025.9552001953125
920.2069091796875 367.98077392578125
875.4304809570312 1337.55029296875
970.0636596679688 1454.5926513671875
706.386962890625 2035.525390625
706.386962890625 2035.525390625
1201.3551025390625 1801.0333251953125
1201.3551025390625 1801.0333251953125
1168.6473388671875 1804.3531494140625
1168.6473388671875 1804.3531494140625
997.9854736328125 1808.4359130859375
716.2537841796875 1859.8330078125
1041.7467041015625 2138.97900390625
716.2537841796875 1859.8330078125
265.9087219238281 2215.139404296875
1041.7467041015625 2138.97900390625
1057.312744140625 1601.006103515625
1131.859375 1801.875732421875
265.9087219238281 2215.139404296875
811.5247192382812 1861.80322265625
1027.8721923828125 1791.14306640625
1027.8721923828125 1791.14306640625
1555.967529296875 1944.5235595703125
1910.9898681640625 1896.97216796875
1911.5728759765625 1898.69384765625
1555.967529296875 1944.5235595703125
824.314208984375 1826.191650390625
1131.859375 1801.875732421875
1019.6424560546875 1181.1976318359375
1753.5828857421875 1944.4068603515625
1916.0169677734375 1811.0712890625
261.6278991699219 2188.281494140625
1077.530517578125 1833.446044921875
858.1170043945312 1001.1078491210938
1753.5828857421875 1944.4068603515625
858.1170043945312 1001.1078491210938
994.5979614257812 1386.8695068359375
858.1170043945312 1001.1078491210938
1058.0770263671875 1399.00634765625
1626.9361572265625 1841.6915283203125
813.8397216796875 1902.5322265625
814.0166015625 1373.627685546875
1856.2369384765625 1905.4764404296875
1626.9361572265625 1841.6915283203125
836.2051391601562 2088.7548828125
836.2051391601562 2088.7548828125
258.0699462890625 2233.885986328125
814.0166015625 1373.627685546875
814.0166015625 1373.627685546875
1856.2369384765625 1905.4764404296875
835.527099609375 2070.25341796875
835.527099609375 2070.25341796875
1379.7408447265625 1836.1632080078125
948.1272583007812 428.4791564941406
1135.968994140625 2103.70947265625
1135.968994140625 2103.70947265625
1136.002197265625 2104.044189453125
1136.002197265625 2104.044189453125
750.5257568359375 2188.27392578125
1076.252197265625 1794.6937255859375
961.9559936523438 1796.6876220703125
989.295654296875 1755.3731689453125
1379.7408447265625 1836.1632080078125
989.295654296875 1755.3731689453125
922.1614379882812 426.65802001953125
1377.3792724609375 2090.008544921875
936.1098022460938 1797.458984375
1699.4326171875 2057.310302734375
936.1098022460938 1797.458984375
1699.4326171875 2057.310302734375
1781.2943115234375 1823.048095703125
922.1115112304688 1929.8134765625
1138.3330078125 1860.155029296875
1792.8712158203125 2143.483642578125
1766.35205078125 2037.5458984375
910.1127319335938 2188.134765625
818.7704467773438 1411.6807861328125
882.905517578125 1236.4085693359375
1834.064453125 1152.29052734375
996.8140869140625 1118.7352294921875
996.8140869140625 1118.7352294921875
930.5936279296875 817.4489135742188
1156.415771484375 1686.022216796875
1572.2421875 1891.01025390625
1002.6920776367188 1533.020263671875
861.8557739257812 1489.0999755859375
861.8557739257812 1489.0999755859375
819.992431640625 1693.5833740234375
819.992431640625 1693.5833740234375
1141.9974365234375 1822.3646240234375
1722.139892578125 2089.697021484375
891.5464477539062 2058.711181640625
1141.9974365234375 1822.3646240234375
709.6867065429688 1838.1380615234375
898.3676147460938 1145.4537353515625
883.0079345703125 1360.027587890625
1255.1416015625 1894.4202880859375
958.6717529296875 2201.913330078125
1142.9180908203125 1807.250244140625
971.8182373046875 732.7464599609375
922.1115112304688 1929.8134765625
927.4865112304688 1191.254150390625
1609.394287109375 2111.489013671875
1008.1976318359375 1280.7056884765625
1135.89599609375 1934.1741943359375
919.6533203125 1475.898193359375
887.8212280273438 1794.13623046875
912.9105834960938 171.26596069335938
904.2351684570312 1932.7586669921875
887.8212280273438 1794.13623046875
972.8444213867188 1474.3643798828125
953.99072265625 302.51959228515625
828.4178466796875 1354.421875
823.5875854492188 1795.162109375
795.2860107421875 1412.488525390625
823.5875854492188 1795.162109375
967.6860961914062 1480.33984375
1154.3582763671875 1684.5528564453125
915.0889892578125 1043.164306640625
996.2351684570312 1014.09716796875
789.7769165039062 1368.31298828125
1003.6865234375 1539.526123046875
848.642578125 1837.77685546875
848.642578125 1837.77685546875
790.4127807617188 1819.8280029296875
1103.918701171875 1716.44921875
1103.918701171875 1716.44921875
921.9292602539062 461.3448486328125
1003.6865234375 1539.526123046875
1127.0751953125 1625.1951904296875
1127.0751953125 1625.1951904296875
1103.918701171875 1716.44921875
1127.0751953125 1625.1951904296875
1029.9425048828125 1292.3790283203125
1499.4375 2112.691650390625
704.4765014648438 1852.56494140625
704.4765014648438 1852.56494140625
1499.4375 2112.691650390625
674.6010131835938 1844.49658203125
1061.1578369140625 1867.666259765625
1104.111328125 2199.057373046875
1061.1578369140625 1867.666259765625
82.51480102539062 2119.345703125
713.462890625 1838.8326416015625
1146.6119384765625 2015.14990234375
1006.3876342773438 1806.2239990234375
1104.111328125 2199.057373046875
1367.6864013671875 1988.0025634765625
919.6533203125 1475.898193359375
865.3994140625 1799.0179443359375
1565.3555908203125 2101.067138671875
1006.3876342773438 1806.2239990234375
934.7718505859375 1240.813232421875
972.8444213867188 1474.3643798828125
1150.827392578125 1935.1246337890625
1760.4384765625 2024.991943359375
1068.207763671875 2178.828125
1760.4384765625 2024.991943359375
702.3838500976562 2202.72509765625
967.6860961914062 1480.33984375
1031.957275390625 1256.345703125
1168.681884765625 1797.1754150390625
1168.681884765625 1797.1754150390625
1168.681884765625 1797.1754150390625
847.7894287109375 1841.817626953125
847.7894287109375 1841.817626953125
1318.5787353515625 2258.673095703125
1318.5787353515625 2258.673095703125
609.1779174804688 1880.4254150390625
609.1779174804688 1880.4254150390625
