434.72430419921875 612.97119140625
735.85498046875 574.0903930664062
735.85498046875 574.0903930664062
735.85498046875 574.0903930664062
735.7157592773438 491.574951171875
728.1250610351562 220.2283172607422
728.1250610351562 220.2283172607422
728.1250610351562 220.2283172607422
728.1220703125 561.0635986328125
735.5709228515625 371.9409484863281
735.5709228515625 371.9409484863281
733.8246459960938 538.4935913085938
732.7012329101562 542.5948486328125
726.6921997070312 585.0261840820312
726.5372924804688 341.2630920410156
726.5372924804688 341.2630920410156
726.4931640625 178.54864501953125
726.4931640625 178.54864501953125
732.7012329101562 542.5948486328125
725.9533081054688 336.37127685546875
725.9154052734375 534.8992919921875
732.2276000976562 536.4072265625
724.92333984375 321.4860534667969
724.92333984375 321.4860534667969
724.8004150390625 223.6500244140625
732.2276000976562 536.4072265625
724.7355346679688 488.6138000488281
732.2078857421875 586.3947143554688
731.8076171875 223.1629180908203
724.09033203125 217.53298950195312
724.09033203125 217.53298950195312
723.64794921875 570.77685546875
723.64794921875 570.77685546875
723.64794921875 570.77685546875
723.57568359375 261.83929443359375
723.57568359375 261.83929443359375
723.1956176757812 333.3302307128906
722.9918212890625 436.0564880371094
722.9918212890625 436.0564880371094
722.52685546875 328.6365051269531
722.52685546875 328.6365051269531
722.248046875 557.6836547851562
731.8076171875 223.1629180908203
731.8076171875 223.1629180908203
731.2827758789062 328.3486633300781
730.3529663085938 592.1644897460938
722.0355834960938 547.679443359375
729.9141235351562 572.60107421875
729.4545288085938 547.5526733398438
729.4035034179688 340.9564208984375
729.3794555664062 543.0486450195312
721.4510498046875 539.8434448242188
721.2930908203125 445.0262756347656
721.2174682617188 582.6380004882812
729.3794555664062 543.0486450195312
720.8462524414062 475.0679931640625
720.8462524414062 475.0679931640625
729.0166625976562 463.69903564453125
628.7197265625 568.861083984375
720.6620483398438 459.087158203125
720.6144409179688 221.04156494140625
628.7197265625 568.861083984375
720.122802734375 299.251953125
720.0447387695312 449.91070556640625
719.8655395507812 474.425537109375
628.7197265625 568.861083984375
628.5507202148438 483.83685302734375
629.2850952148438 462.1585998535156
719.8655395507812 474.425537109375
629.2850952148438 462.1585998535156
719.627197265625 588.5394897460938
628.174560546875 544.5985107421875
628.174560546875 544.5985107421875
718.6715087890625 551.3952026367188
628.174560546875 544.5985107421875
628.174560546875 544.5985107421875
628.0519409179688 316.0732116699219
627.9058227539062 326.2285461425781
717.7023315429688 487.7962951660156
629.7572021484375 443.70904541015625
629.9426879882812 115.52436065673828
627.4609375 466.0328369140625
627.4609375 466.0328369140625
627.4267578125 540.1793212890625
627.4267578125 540.1793212890625
627.4267578125 540.1793212890625
627.3810424804688 535.6679077148438
101.5892562866211 569.3866577148438
717.1874389648438 537.54443359375
629.9426879882812 115.52436065673828
716.9600219726562 290.23468017578125
716.9600219726562 290.23468017578125
716.95458984375 575.5994262695312
630.791015625 312.1866149902344
105.3194351196289 565.742919921875
630.8282470703125 357.2341613769531
631.1070556640625 319.22747802734375
625.4459838867188 230.02076721191406
715.6732177734375 243.96441650390625
715.6351318359375 581.5234985351562
715.5198364257812 542.2077026367188
715.516845703125 464.7093200683594
625.4459838867188 230.02076721191406
631.1070556640625 319.22747802734375
715.2138061523438 557.4610595703125
715.2138061523438 557.4610595703125
715.1109619140625 484.0893249511719
625.0517578125 481.4415283203125
625.0517578125 481.4415283203125
624.9127197265625 149.55322265625
114.44293975830078 572.3829956054688
714.2679443359375 587.2068481445312
714.1038818359375 545.3594970703125
714.0783081054688 163.58595275878906
624.3356323242188 556.5211791992188
624.3356323242188 556.5211791992188
624.3356323242188 556.5211791992188
713.130126953125 221.7139129638672
624.05517578125 548.5048217773438
712.3634643554688 568.9046020507812
624.04296875 588.0328369140625
120.31704711914062 557.6568603515625
712.3634643554688 568.9046020507812
712.3634643554688 568.9046020507812
712.3455200195312 584.3734741210938
712.3455200195312 584.3734741210938
623.2849731445312 378.2523193359375
711.8692626953125 543.1124267578125
711.8692626953125 543.1124267578125
711.7318115234375 579.9352416992188
711.5843505859375 586.9395751953125
623.2473754882812 544.4198608398438
711.4767456054688 547.7139282226562
711.056396484375 162.5142364501953
623.2473754882812 544.4198608398438
623.2473754882812 544.4198608398438
623.2473754882812 544.4198608398438
623.23681640625 539.925537109375
632.0183715820312 579.1051025390625
632.1375732421875 121.17691802978516
632.1375732421875 121.17691802978516
710.43798828125 483.7658386230469
709.8814086914062 225.07913208007812
632.60498046875 229.44375610351562
622.0396728515625 447.6737976074219
632.60498046875 229.44375610351562
621.9093627929688 233.1906280517578
709.1240844726562 535.1805419921875
709.1027221679688 473.5893249511719
709.1027221679688 473.5893249511719
137.366943359375 509.38690185546875
137.366943359375 509.38690185546875
708.9668579101562 219.12266540527344
708.9668579101562 219.12266540527344
708.9668579101562 219.12266540527344
708.9208374023438 585.6224365234375
621.9093627929688 233.1906280517578
621.904296875 458.02301025390625
621.6617431640625 581.9989013671875
633.0139770507812 293.4848937988281
708.6040649414062 540.0107421875
621.5706176757812 458.8318786621094
708.6040649414062 540.0107421875
621.5181884765625 110.63040924072266
633.0139770507812 293.4848937988281
708.4887084960938 473.8915710449219
621.4254150390625 93.79696655273438
707.2075805664062 382.5126953125
621.4254150390625 93.79696655273438
706.4793701171875 486.0514831542969
706.2092895507812 537.6156005859375
621.4254150390625 93.79696655273438
706.2092895507812 537.6156005859375
633.0139770507812 293.4848937988281
148.2407684326172 537.8621215820312
148.2407684326172 537.8621215820312
148.2407684326172 537.8621215820312
705.6505126953125 222.34796142578125
705.6505126953125 222.34796142578125
705.499755859375 585.4466552734375
621.3580322265625 61.754817962646484
150.78378295898438 511.24102783203125
621.3580322265625 61.754817962646484
704.7061767578125 460.057373046875
704.7061767578125 460.057373046875
704.4927368164062 540.690673828125
621.3563842773438 84.04497528076172
621.2435302734375 352.9041442871094
703.5235595703125 584.5106201171875
154.95498657226562 515.4580688476562
620.8698120117188 117.81509399414062
620.8698120117188 117.81509399414062
703.05859375 464.4529724121094
703.05859375 464.4529724121094
633.0139770507812 293.4848937988281
620.63134765625 481.6148986816406
620.63134765625 481.6148986816406
702.3978881835938 455.4349365234375
620.599853515625 99.00206756591797
171.99853515625 532.013671875
702.3978881835938 455.4349365234375
701.903564453125 546.8245849609375
701.903564453125 546.8245849609375
620.599853515625 99.00206756591797
701.903564453125 546.8245849609375
701.7493286132812 219.94235229492188
701.7493286132812 219.94235229492188
701.7493286132812 219.94235229492188
701.7380981445312 445.3139343261719
620.5579223632812 138.0619659423828
620.2341918945312 331.1778869628906
701.1664428710938 581.7965087890625
619.9044189453125 462.5459899902344
633.0596313476562 151.84326171875
619.712890625 69.9043960571289
699.6414794921875 485.18865966796875
619.6179809570312 145.7661895751953
619.6179809570312 145.7661895751953
192.0749969482422 558.8426513671875
192.0749969482422 558.8426513671875
619.5921020507812 340.6822814941406
698.732666015625 577.0186157226562
619.5921020507812 340.6822814941406
619.457763671875 539.4953002929688
698.6507568359375 541.4090576171875
698.2001342773438 223.09547424316406
698.0336303710938 583.3635864257812
697.1560668945312 142.70457458496094
697.1560668945312 142.70457458496094
697.02783203125 463.61376953125
697.02783203125 463.61376953125
696.9002075195312 481.7262878417969
696.9002075195312 481.7262878417969
696.3358764648438 462.4972839355469
619.457763671875 539.4953002929688
619.454345703125 344.4801025390625
695.5990600585938 445.290771484375
619.365478515625 558.6091918945312
695.0671997070312 437.451171875
695.0546875 460.32269287109375
695.0546875 460.32269287109375
694.9169921875 534.5496826171875
694.7724609375 226.3269805908203
619.365478515625 558.6091918945312
619.2939453125 572.2744140625
633.23779296875 42.7215576171875
618.9164428710938 106.57174682617188
694.1777954101562 441.3487243652344
220.27037048339844 555.4306640625
220.27037048339844 555.4306640625
220.27037048339844 555.4306640625
694.1777954101562 441.3487243652344
694.1777954101562 441.3487243652344
618.9164428710938 106.57174682617188
693.7549438476562 450.597412109375
693.7549438476562 450.597412109375
618.6184692382812 110.03424072265625
693.2478637695312 547.8521118164062
633.288330078125 296.70794677734375
693.1085205078125 264.86358642578125
693.1051025390625 576.96630859375
693.1051025390625 576.96630859375
633.288330078125 296.70794677734375
618.2875366210938 230.66419982910156
693.0831298828125 541.8419189453125
693.0831298828125 541.8419189453125
693.0831298828125 541.8419189453125
692.61376953125 582.6519775390625
692.2974243164062 481.4173278808594
238.92417907714844 573.2886962890625
238.92417907714844 573.2886962890625
238.92417907714844 573.2886962890625
618.2875366210938 230.66419982910156
690.7962646484375 223.76597595214844
633.9258422851562 315.50775146484375
690.7962646484375 223.76597595214844
633.9258422851562 315.50775146484375
690.5956420898438 534.5215454101562
690.4036865234375 441.388916015625
688.48876953125 483.9344482421875
687.6018676757812 541.8663940429688
617.7661743164062 484.6217041015625
687.477783203125 227.096923828125
687.4581909179688 575.4295654296875
634.0149536132812 585.2810668945312
687.1278686523438 581.8922729492188
617.5708618164062 585.9814453125
617.5708618164062 585.9814453125
617.4920043945312 126.53599548339844
686.7228393554688 220.9864501953125
686.7228393554688 220.9864501953125
617.4920043945312 126.53599548339844
617.4920043945312 126.53599548339844
617.302490234375 137.04837036132812
616.7747802734375 97.22770690917969
616.7747802734375 97.22770690917969
616.66162109375 570.871826171875
616.66162109375 570.871826171875
518.7060546875 587.2897338867188
616.66162109375 570.871826171875
267.8879089355469 591.223876953125
267.8879089355469 591.223876953125
267.8879089355469 591.223876953125
685.0431518554688 537.078369140625
685.0431518554688 537.078369140625
635.4065551757812 483.4410705566406
684.9420776367188 547.0476684570312
684.9420776367188 547.0476684570312
684.9420776367188 547.0476684570312
684.4420776367188 321.9712219238281
635.487548828125 538.0806884765625
684.4420776367188 321.9712219238281
280.90753173828125 622.3890991210938
284.8405456542969 613.3729858398438
616.550048828125 458.12030029296875
616.550048828125 458.12030029296875
288.36016845703125 617.7449951171875
684.1668090820312 147.57379150390625
684.1668090820312 147.57379150390625
683.86181640625 352.0816345214844
616.30322265625 150.19851684570312
291.7083435058594 613.9066772460938
616.11865234375 540.4449462890625
683.86181640625 352.0816345214844
616.11865234375 540.4449462890625
615.6421508789062 68.57070922851562
294.635009765625 637.3282470703125
683.35009765625 224.466796875
297.5694885253906 630.5101928710938
683.35009765625 224.466796875
683.138671875 558.85791015625
683.138671875 558.85791015625
615.3909301757812 115.0312728881836
300.25836181640625 632.6785278320312
615.2862548828125 467.6090087890625
310.0437316894531 613.63818359375
310.0437316894531 613.63818359375
311.6712951660156 622.5033569335938
615.2862548828125 467.6090087890625
614.7654418945312 139.52296447753906
614.7654418945312 139.52296447753906
682.6471557617188 383.3574523925781
614.4725341796875 110.0580825805664
614.4725341796875 110.0580825805664
314.12310791015625 633.0606689453125
614.4725341796875 110.0580825805664
614.3145751953125 591.4222412109375
613.83251953125 79.02964782714844
322.51104736328125 593.545166015625
322.51104736328125 593.545166015625
323.1488952636719 588.3919067382812
682.6471557617188 383.3574523925781
327.4464416503906 627.4816284179688
327.4464416503906 627.4816284179688
636.296875 231.99415588378906
636.4520263671875 299.5577392578125
636.5463256835938 458.4020080566406
636.5463256835938 458.4020080566406
682.4152221679688 369.3470458984375
337.09869384765625 594.2286987304688
682.4152221679688 369.3470458984375
613.451416015625 30.057249069213867
612.7235717773438 41.944969177246094
682.3507690429688 312.1328430175781
612.6685791015625 126.12664031982422
612.4500122070312 104.59275817871094
612.2741088867188 459.39544677734375
612.2105102539062 545.6248779296875
343.22137451171875 607.2362060546875
612.2105102539062 545.6248779296875
681.6851196289062 581.5180053710938
681.6513671875 483.38214111328125
612.0280151367188 466.3498229980469
681.112060546875 142.55860900878906
345.89398193359375 604.158935546875
680.973876953125 155.93099975585938
611.4888916015625 24.277379989624023
348.63287353515625 599.6282958984375
636.57763671875 547.1737060546875
680.973876953125 155.93099975585938
680.973876953125 155.93099975585938
352.4770202636719 589.8790893554688
611.3609619140625 93.04635620117188
355.0770568847656 619.9835205078125
611.2363891601562 133.84939575195312
356.34356689453125 567.2593994140625
356.34356689453125 567.2593994140625
680.4647827148438 441.86480712890625
357.8330383300781 573.8002319335938
680.4647827148438 441.86480712890625
680.4647827148438 441.86480712890625
611.1781005859375 485.7072448730469
636.7048950195312 541.208984375
636.7048950195312 541.208984375
610.9608764648438 295.0881042480469
359.952880859375 558.4580688476562
360.3349914550781 639.1902465820312
610.9608764648438 295.0881042480469
679.7019653320312 537.787109375
362.64300537109375 579.9136352539062
610.7985229492188 535.4834594726562
364.0957946777344 637.8197021484375
364.0957946777344 637.8197021484375
364.13629150390625 609.1412353515625
610.5781860351562 572.7546997070312
610.1702880859375 538.4500122070312
609.9965209960938 320.4837646484375
679.7019653320312 537.787109375
365.1595764160156 614.7655029296875
365.8881530761719 605.6788330078125
366.0623779296875 564.4995727539062
636.8114013671875 311.7674255371094
609.62158203125 133.6931915283203
609.62158203125 133.6931915283203
367.51141357421875 557.2893676757812
367.51141357421875 557.2893676757812
679.6359252929688 315.6896057128906
368.28460693359375 562.474853515625
608.9331665039062 110.37197875976562
608.9331665039062 110.37197875976562
608.9331665039062 110.37197875976562
608.9136962890625 557.6431884765625
608.9136962890625 557.6431884765625
679.6359252929688 315.6896057128906
374.36639404296875 607.950927734375
608.8660888671875 123.48504638671875
608.6580810546875 576.0034790039062
679.6359252929688 315.6896057128906
636.8114013671875 311.7674255371094
377.1104736328125 609.6421508789062
377.1104736328125 609.6421508789062
608.3221435546875 329.111572265625
679.2920532226562 312.1868896484375
679.2920532226562 312.1868896484375
679.2596435546875 460.89019775390625
379.9184265136719 534.12255859375
679.2596435546875 460.89019775390625
636.8114013671875 311.7674255371094
679.0953979492188 308.73541259765625
381.9863586425781 526.4893798828125
679.0953979492188 308.73541259765625
679.0953979492188 308.73541259765625
678.95068359375 299.97088623046875
636.8114013671875 311.7674255371094
636.8314208984375 315.3236389160156
607.7174682617188 548.718505859375
678.95068359375 299.97088623046875
678.6422729492188 480.2747497558594
607.7174682617188 548.718505859375
607.7174682617188 548.718505859375
387.18170166015625 616.5418701171875
607.7174682617188 548.718505859375
607.6001586914062 483.33660888671875
607.5543212890625 151.68392944335938
607.5543212890625 151.68392944335938
607.5543212890625 151.68392944335938
607.3973388671875 317.3866882324219
607.3973388671875 317.3866882324219
607.1961059570312 320.8299560546875
607.1961059570312 320.8299560546875
607.1692504882812 137.91439819335938
607.0067749023438 92.40592956542969
636.8314208984375 315.3236389160156
606.8642578125 539.4194946289062
606.8642578125 539.4194946289062
677.5863647460938 125.28328704833984
637.092529296875 466.10272216796875
677.5863647460938 125.28328704833984
677.5856323242188 137.63548278808594
637.1038818359375 318.7626037597656
606.4429931640625 354.492919921875
605.99609375 324.1659851074219
605.9799194335938 60.04046630859375
637.1038818359375 318.7626037597656
605.7796020507812 132.86758422851562
677.4039306640625 145.74301147460938
605.4468994140625 327.6300354003906
677.38525390625 540.44140625
637.1038818359375 318.7626037597656
401.9403991699219 624.6878662109375
676.74169921875 535.4649047851562
402.50103759765625 501.01251220703125
676.6915283203125 446.2704772949219
403.20196533203125 596.8217163085938
605.2469482421875 574.3253784179688
605.2469482421875 574.3253784179688
403.8028869628906 518.1453857421875
676.468505859375 115.92388916015625
676.3339233398438 438.3166809082031
605.0547485351562 157.17494201660156
406.2563171386719 581.765869140625
406.2563171386719 581.765869140625
676.3251953125 312.4349060058594
604.8818969726562 595.4609375
604.7708740234375 462.6729736328125
406.3799133300781 558.1522827148438
676.2447509765625 581.0807495117188
587.574951171875 605.4459838867188
676.1673583984375 107.55097198486328
408.2536926269531 553.5716552734375
408.2536926269531 553.5716552734375
409.1898498535156 537.8776245117188
676.0043334960938 574.642578125
675.9661254882812 309.254638671875
675.9661254882812 309.254638671875
675.9661254882812 309.254638671875
604.6270141601562 89.8267822265625
604.3391723632812 336.00274658203125
604.3391723632812 336.00274658203125
675.9329223632812 225.1448516845703
604.2646484375 232.0481719970703
675.5822143554688 306.3833312988281
413.0904541015625 610.5159301757812
413.2014465332031 533.0562133789062
413.2014465332031 533.0562133789062
675.4161376953125 547.9688110351562
674.6360473632812 296.7897033691406
637.8604736328125 579.4869384765625
637.8604736328125 579.4869384765625
674.5845336914062 543.5592041015625
415.385009765625 607.796142578125
415.385009765625 607.796142578125
638.313720703125 480.16009521484375
674.5845336914062 543.5592041015625
417.32366943359375 483.50885009765625
417.32366943359375 483.50885009765625
674.4646606445312 290.1834411621094
674.4646606445312 290.1834411621094
638.7969360351562 385.7931213378906
603.4855346679688 540.7780151367188
638.7969360351562 385.7931213378906
674.4646606445312 290.1834411621094
603.2916870117188 483.90911865234375
420.6701354980469 601.359130859375
603.2028198242188 465.51690673828125
638.9903564453125 584.25439453125
639.211181640625 289.5449523925781
674.4646606445312 290.1834411621094
602.9337158203125 356.7566833496094
639.211181640625 289.5449523925781
602.8069458007812 154.33523559570312
674.1323852539062 479.98443603515625
422.5284423828125 628.0247802734375
422.5284423828125 628.0247802734375
422.7546691894531 478.52325439453125
674.1323852539062 479.98443603515625
602.6936645507812 350.5757141113281
639.211181640625 289.5449523925781
639.331298828125 293.3038330078125
639.331298828125 293.3038330078125
424.22515869140625 600.3453979492188
424.22515869140625 600.3453979492188
639.6223754882812 308.88067626953125
601.9715576171875 356.0688171386719
425.0905456542969 543.6339721679688
425.0905456542969 543.6339721679688
639.67333984375 93.4691390991211
601.727783203125 589.7930908203125
601.6218872070312 169.2674560546875
601.15283203125 542.107177734375
600.8023681640625 235.18751525878906
600.02392578125 547.9353637695312
599.7883911132812 576.7814331054688
639.8046875 228.7830810546875
673.507568359375 316.1617431640625
673.507568359375 316.1617431640625
428.2275390625 470.9143981933594
428.3376770019531 531.3524780273438
428.3376770019531 531.3524780273438
639.8961181640625 315.0881652832031
639.8961181640625 315.0881652832031
599.069580078125 164.2401885986328
673.507568359375 316.1617431640625
598.771484375 543.0084838867188
598.771484375 543.0084838867188
598.0780639648438 86.88262176513672
673.2263793945312 312.72662353515625
429.41705322265625 547.5474853515625
429.9047546386719 492.0074462890625
673.2263793945312 312.72662353515625
598.032958984375 580.2080688476562
640.1061401367188 318.257568359375
597.78173828125 272.8784484863281
432.3627624511719 486.89599609375
597.4705810546875 561.1504516601562
596.9595336914062 557.64990234375
672.955322265625 309.1680908203125
672.955322265625 309.1680908203125
672.955322265625 309.1680908203125
672.919921875 545.4794311523438
672.78125 228.34434509277344
672.556884765625 89.59739685058594
433.5737609863281 468.4987487792969
640.3871459960938 540.2832641601562
672.556884765625 89.59739685058594
596.8099365234375 445.2506103515625
640.5360107421875 548.2927856445312
434.72430419921875 612.97119140625
640.6932983398438 543.9490356445312
640.6932983398438 543.9490356445312
640.6932983398438 543.9490356445312
672.1315307617188 222.51107788085938
672.1315307617188 222.51107788085938
672.1315307617188 222.51107788085938
596.6891479492188 60.934688568115234
437.4569091796875 526.2359008789062
437.4569091796875 526.2359008789062
641.1245727539062 121.91398620605469
438.96636962890625 483.7829895019531
671.6179809570312 464.7018127441406
671.6179809570312 464.7018127441406
671.2340698242188 290.3716125488281
671.2340698242188 290.3716125488281
671.2340698242188 290.3716125488281
670.9698486328125 542.8560180664062
440.1838073730469 468.9725646972656
641.1245727539062 121.91398620605469
670.8433837890625 286.8834228515625
641.1245727539062 121.91398620605469
670.8433837890625 286.8834228515625
670.8433837890625 286.8834228515625
670.8433837890625 286.8834228515625
670.8433837890625 286.8834228515625
596.0800170898438 600.1503295898438
670.8284912109375 581.1317138671875
670.6373291015625 148.02166748046875
595.7399291992188 546.0712890625
595.7399291992188 546.0712890625
670.5867919921875 319.2317199707031
443.4857177734375 564.0794067382812
594.8952026367188 579.2915649414062
670.5773315429688 482.7778625488281
670.5543823242188 445.5466003417969
670.5543823242188 445.5466003417969
444.8908386230469 599.0452270507812
444.8908386230469 599.0452270507812
670.5264892578125 576.7855834960938
670.4952392578125 111.40543365478516
594.8952026367188 579.2915649414062
594.8952026367188 579.2915649414062
445.65777587890625 479.1024169921875
445.65777587890625 479.1024169921875
594.8790283203125 97.4019546508789
594.079345703125 538.1876220703125
670.4952392578125 111.40543365478516
446.6529541015625 609.2321166992188
670.180908203125 312.9035339355469
670.180908203125 312.9035339355469
670.180908203125 312.9035339355469
594.0733642578125 488.5262756347656
670.0477294921875 451.5039978027344
670.0477294921875 451.5039978027344
593.8832397460938 85.84910583496094
593.5979614257812 235.9945068359375
449.1044921875 448.119873046875
449.1044921875 448.119873046875
669.6863403320312 79.79326629638672
449.79986572265625 518.4452514648438
449.79986572265625 518.4452514648438
449.9544982910156 470.6096496582031
449.9544982910156 470.6096496582031
642.4212036132812 298.7989196777344
642.8104248046875 480.0461120605469
642.8104248046875 480.0461120605469
592.4387817382812 94.79706573486328
642.8343505859375 576.961181640625
642.8560180664062 311.3138427734375
669.4423217773438 439.5794372558594
592.2271728515625 133.20086669921875
453.7158508300781 444.56524658203125
453.7158508300781 444.56524658203125
591.5045166015625 572.194580078125
642.8560180664062 311.3138427734375
454.4314270019531 454.782958984375
590.7516479492188 476.3486022949219
590.7516479492188 476.3486022949219
455.07098388671875 586.4461059570312
455.07098388671875 586.4461059570312
642.8560180664062 311.3138427734375
455.1801452636719 486.60101318359375
590.3064575195312 486.2885437011719
455.60986328125 468.3570251464844
455.60986328125 468.3570251464844
669.1151123046875 132.5721893310547
590.3064575195312 486.2885437011719
455.76861572265625 395.08160400390625
590.1671752929688 568.6770629882812
642.8560180664062 311.3138427734375
668.8872680664062 357.6039733886719
643.0913696289062 318.3392028808594
643.0913696289062 318.3392028808594
457.0660705566406 478.2007141113281
668.8872680664062 357.6039733886719
668.8603515625 225.85519409179688
458.02130126953125 393.19451904296875
643.0913696289062 318.3392028808594
458.1889953613281 456.55908203125
668.5170288085938 538.3734741210938
668.5170288085938 538.3734741210938
668.4959106445312 119.103515625
668.4959106445312 119.103515625
668.4959106445312 119.103515625
459.96405029296875 381.0082702636719
460.4270324707031 399.1702575683594
668.1317749023438 542.0494384765625
589.7102661132812 581.7662353515625
668.073974609375 43.72892761230469
461.3537902832031 483.5137634277344
643.0913696289062 318.3392028808594
668.0145874023438 139.9793701171875
667.8665771484375 153.54588317871094
667.8334350585938 83.68706512451172
461.96270751953125 522.5326538085938
643.3651123046875 225.61996459960938
462.7143859863281 539.8028564453125
462.7143859863281 539.8028564453125
462.7143859863281 539.8028564453125
462.7143859863281 539.8028564453125
463.07867431640625 399.7668151855469
643.530517578125 231.4116973876953
643.9446411132812 540.31689453125
628.7576293945312 111.8001708984375
643.9446411132812 540.31689453125
643.9446411132812 540.31689453125
643.9446411132812 540.31689453125
667.4053955078125 316.59332275390625
667.4053955078125 316.59332275390625
588.5806274414062 120.51546478271484
644.062255859375 535.6044311523438
587.9930419921875 467.4730224609375
667.462158203125 136.62939453125
644.0663452148438 543.8642578125
467.5785827636719 606.2186279296875
467.58642578125 540.6346435546875
468.1975402832031 478.5882263183594
468.1975402832031 478.5882263183594
468.38250732421875 565.17236328125
469.34466552734375 384.15411376953125
667.1286010742188 313.0430603027344
667.1286010742188 313.0430603027344
667.1286010742188 313.0430603027344
666.8438720703125 309.6050109863281
644.0663452148438 543.8642578125
644.1231079101562 440.9490661621094
586.5551147460938 231.1002655029297
666.8438720703125 309.6050109863281
666.8438720703125 309.6050109863281
586.5551147460938 231.1002655029297
644.2437744140625 583.1332397460938
471.7057189941406 562.888427734375
586.3770141601562 236.7825927734375
666.4728393554688 98.80061340332031
666.4728393554688 98.80061340332031
666.4728393554688 98.80061340332031
644.4862670898438 444.4325256347656
473.2868957519531 532.278564453125
473.2868957519531 532.278564453125
586.0286865234375 487.0718688964844
586.0286865234375 487.0718688964844
644.6898193359375 221.12059020996094
665.885009765625 116.36762237548828
474.4495544433594 557.2862548828125
665.7242431640625 70.88507080078125
644.700439453125 461.8594665527344
585.4158935546875 140.0719451904297
584.8417358398438 584.488525390625
476.2532653808594 443.88116455078125
476.2532653808594 443.88116455078125
584.8417358398438 584.488525390625
665.7242431640625 70.88507080078125
665.712890625 85.4353256225586
584.8417358398438 584.488525390625
584.8417358398438 584.488525390625
477.33294677734375 530.0775146484375
477.33294677734375 530.0775146484375
665.4598388671875 229.10699462890625
665.417236328125 581.1348876953125
645.5166625976562 308.47052001953125
665.1925048828125 88.63505554199219
665.1925048828125 88.63505554199219
665.175537109375 127.25599670410156
665.1673583984375 548.0724487304688
645.5763549804688 292.29962158203125
478.2387390136719 466.18365478515625
478.2387390136719 466.18365478515625
645.5763549804688 292.29962158203125
584.41259765625 460.12591552734375
645.5763549804688 292.29962158203125
480.0772399902344 627.3111572265625
480.2753601074219 477.53057861328125
480.2753601074219 477.53057861328125
664.7337646484375 574.7879028320312
480.7082214355469 607.0533447265625
664.7162475585938 291.11474609375
645.9014892578125 295.729736328125
664.707275390625 22.917593002319336
645.9014892578125 295.729736328125
645.9014892578125 295.729736328125
583.7625122070312 490.7795104980469
583.6948852539062 600.3564453125
645.9077758789062 314.62017822265625
583.4617309570312 608.3387451171875
664.4921264648438 319.64306640625
664.2951049804688 316.38800048828125
645.9077758789062 314.62017822265625
483.147705078125 491.4666442871094
483.3304443359375 593.0332641601562
483.3304443359375 593.0332641601562
645.9077758789062 314.62017822265625
484.4845275878906 482.77618408203125
664.2951049804688 316.38800048828125
664.262451171875 158.22276306152344
645.9077758789062 314.62017822265625
582.2864379882812 445.16473388671875
646.088134765625 482.6448669433594
646.2614135742188 320.92010498046875
647.0336303710938 228.0522918701172
486.0850830078125 637.081787109375
664.0789184570312 313.310791015625
664.0789184570312 313.310791015625
486.5989685058594 461.0706787109375
486.5989685058594 461.0706787109375
580.8394165039062 604.832275390625
487.3652648925781 513.072998046875
487.9557189941406 527.5836181640625
580.8394165039062 604.832275390625
488.44610595703125 523.2536010742188
488.44610595703125 523.2536010742188
488.58245849609375 628.9744873046875
580.722412109375 478.4676513671875
580.722412109375 478.4676513671875
580.5474243164062 463.1846008300781
489.4941711425781 600.9968872070312
489.62060546875 485.785888671875
489.8128356933594 470.0931091308594
490.24652099609375 393.50201416015625
490.24652099609375 393.50201416015625
490.2473449707031 464.3056335449219
490.2473449707031 464.3056335449219
580.5474243164062 463.1846008300781
580.5474243164062 463.1846008300781
490.4840087890625 388.78570556640625
647.0336303710938 228.0522918701172
580.1195678710938 578.111572265625
490.94586181640625 383.81866455078125
491.04937744140625 477.9302978515625
647.4229736328125 547.4719848632812
580.0194702148438 449.2160339355469
579.8697509765625 587.3062744140625
491.3010559082031 446.7514343261719
664.0789184570312 313.310791015625
664.0789184570312 313.310791015625
579.8697509765625 587.3062744140625
492.0254211425781 389.672119140625
492.4042053222656 521.1901245117188
492.4042053222656 521.1901245117188
492.5532531738281 591.4584350585938
579.7141723632812 231.1988067626953
579.4689331054688 237.3369140625
663.830322265625 482.71746826171875
663.7470703125 307.17376708984375
493.8255310058594 469.0632629394531
494.00927734375 483.03680419921875
494.00927734375 483.03680419921875
494.0286560058594 615.8162841796875
579.1390991210938 459.0977478027344
648.7989501953125 112.74474334716797
578.4805297851562 547.5841674804688
578.2416381835938 440.76983642578125
578.2416381835938 440.76983642578125
648.7989501953125 112.74474334716797
494.78521728515625 626.9808959960938
494.78521728515625 626.9808959960938
648.8427734375 310.8741455078125
648.8427734375 310.8741455078125
648.8427734375 310.8741455078125
495.2836608886719 635.7745361328125
648.8427734375 310.8741455078125
648.85205078125 292.18280029296875
663.4632568359375 83.9870834350586
663.4632568359375 83.9870834350586
577.2128295898438 492.07177734375
648.85205078125 292.18280029296875
575.9976196289062 234.8170166015625
575.9976196289062 234.8170166015625
648.9026489257812 540.1742553710938
663.1161499023438 38.661048889160156
497.19140625 522.598388671875
648.917236328125 314.452392578125
497.6928405761719 605.1307373046875
497.97161865234375 503.09698486328125
497.97161865234375 503.09698486328125
575.6444091796875 614.49365234375
575.2354736328125 590.3505249023438
498.19891357421875 386.54241943359375
498.2962646484375 443.0080871582031
498.2962646484375 443.0080871582031
500.60302734375 599.45947265625
500.9509582519531 465.2447509765625
501.0906982421875 583.783203125
501.0906982421875 583.783203125
501.0906982421875 583.783203125
575.1466064453125 606.4768676757812
648.917236328125 314.452392578125
663.1161499023438 38.661048889160156
662.821533203125 167.1149444580078
501.38092041015625 367.7002868652344
501.5009460449219 378.4267578125
501.5009460449219 378.4267578125
648.917236328125 314.452392578125
574.5819702148438 449.1965026855469
574.5819702148438 449.1965026855469
648.9677124023438 298.69268798828125
573.5499267578125 340.631103515625
503.3235778808594 455.2789306640625
503.34356689453125 603.9656982421875
573.5499267578125 340.631103515625
573.3114624023438 490.03912353515625
573.3114624023438 490.03912353515625
573.2333374023438 446.0326843261719
504.702880859375 607.9007568359375
649.1563720703125 317.8641662597656
505.43255615234375 604.5728149414062
572.6431274414062 238.0386962890625
649.1563720703125 317.8641662597656
649.1563720703125 317.8641662597656
572.1843872070312 617.63720703125
506.0341491699219 633.687255859375
506.1488952636719 611.9388427734375
571.4004516601562 464.1596374511719
506.36273193359375 637.8624267578125
506.5544128417969 390.7272644042969
662.303466796875 100.41328430175781
662.1129760742188 297.6860046386719
662.1083374023438 463.9496765136719
571.4004516601562 464.1596374511719
507.9739990234375 501.00872802734375
508.0013122558594 513.2774658203125
661.6932373046875 119.53150939941406
661.6748657226562 62.9838752746582
509.0057678222656 367.4385070800781
509.0057678222656 367.4385070800781
649.5602416992188 582.5114135742188
509.40972900390625 460.9315185546875
509.47540283203125 354.6233825683594
650.403564453125 224.6007843017578
661.642333984375 54.68699645996094
510.06427001953125 358.3395080566406
570.01416015625 608.5580444335938
569.8219604492188 597.9541625976562
569.8219604492188 597.9541625976562
661.5159912109375 226.6789093017578
569.8219604492188 597.9541625976562
650.5966186523438 558.9100341796875
651.9452514648438 314.18280029296875
511.84503173828125 490.4681701660156
651.9452514648438 314.18280029296875
568.9937133789062 490.9710998535156
512.5527954101562 514.7642822265625
651.9452514648438 314.18280029296875
661.5159912109375 226.6789093017578
513.0018920898438 629.3836059570312
661.2748413085938 317.0436706542969
652.015380859375 291.9097595214844
513.889404296875 455.59222412109375
652.0724487304688 447.1035461425781
568.4988403320312 621.086181640625
652.0724487304688 447.1035461425781
514.2337036132812 367.619140625
514.3798828125 349.66851806640625
652.0724487304688 447.1035461425781
514.765625 624.3318481445312
514.765625 624.3318481445312
514.9302978515625 521.0722045898438
515.1829223632812 613.8535766601562
652.178955078125 465.8661193847656
652.178955078125 465.8661193847656
661.0716552734375 313.6097717285156
652.189453125 317.4210205078125
661.0716552734375 313.6097717285156
661.0716552734375 313.6097717285156
661.06787109375 28.44141387939453
660.9536743164062 137.06593322753906
660.7765502929688 310.04443359375
517.5911254882812 355.271484375
517.5911254882812 355.271484375
517.599853515625 620.59814453125
517.8330688476562 608.6990966796875
652.3446044921875 320.54046630859375
567.4957275390625 478.7347717285156
660.7765502929688 310.04443359375
660.7424926757812 540.3832397460938
660.7424926757812 540.3832397460938
518.4696044921875 469.2716369628906
660.6871337890625 479.64361572265625
518.9091186523438 367.3489685058594
567.4957275390625 478.7347717285156
519.7152099609375 507.6662292480469
519.7152099609375 507.6662292480469
519.7152099609375 507.6662292480469
567.4957275390625 478.7347717285156
519.9215087890625 449.890625
519.9215087890625 449.890625
567.0747680664062 612.4795532226562
567.050537109375 494.86444091796875
660.6259155273438 105.99768829345703
652.3942260742188 39.35380935668945
565.6630859375 308.008056640625
660.3046875 535.4716796875
565.6630859375 308.008056640625
520.5087890625 621.649169921875
520.9603881835938 616.8308715820312
565.5865478515625 238.84747314453125
521.140625 610.8125
565.5865478515625 238.84747314453125
565.3355712890625 624.4381103515625
659.7681884765625 140.03717041015625
521.7732543945312 568.5443115234375
521.8322143554688 379.9052734375
521.9302368164062 354.8550109863281
522.140380859375 467.29266357421875
652.8357543945312 482.7525634765625
652.886474609375 25.639577865600586
522.7835083007812 561.3186645507812
659.6276245117188 129.92367553710938
652.9562377929688 539.82080078125
652.9562377929688 539.82080078125
652.9632568359375 547.473388671875
652.9632568359375 547.473388671875
523.6123046875 323.5223388671875
523.7844848632812 506.1746520996094
523.7844848632812 506.1746520996094
564.2359619140625 361.4214172363281
524.849609375 494.27587890625
524.849609375 494.27587890625
659.3226318359375 15.754792213439941
659.3226318359375 15.754792213439941
653.533447265625 575.2802734375
525.6731567382812 556.4066772460938
659.3017578125 98.34721374511719
659.2059326171875 466.47137451171875
564.0011596679688 468.11773681640625
526.1515502929688 559.04443359375
526.4627685546875 458.6538391113281
526.5903930664062 633.3475341796875
563.552001953125 321.2921142578125
659.2059326171875 466.47137451171875
659.0165405273438 73.99623107910156
563.2470703125 335.0593566894531
658.863525390625 39.19941711425781
658.7254638671875 294.74053955078125
563.2470703125 335.0593566894531
658.7254638671875 294.74053955078125
658.7254638671875 294.74053955078125
654.1990966796875 440.8770446777344
562.9129028320312 288.682373046875
562.9129028320312 288.682373046875
654.2884521484375 227.37957763671875
529.9343872070312 618.0487670898438
530.0703735351562 484.2654113769531
530.0703735351562 484.2654113769531
530.0703735351562 484.2654113769531
658.7254638671875 294.74053955078125
658.7254638671875 294.74053955078125
530.3963623046875 311.31268310546875
654.2884521484375 227.37957763671875
658.4033813476562 291.59100341796875
531.0256958007812 468.4372253417969
531.0256958007812 468.4372253417969
658.4033813476562 291.59100341796875
531.3987426757812 605.1441650390625
561.8893432617188 628.154541015625
561.7151489257812 323.8442077636719
532.5968627929688 614.5946044921875
561.2696533203125 341.96783447265625
658.4033813476562 291.59100341796875
561.1343994140625 468.9346923828125
561.0323486328125 195.33993530273438
533.4483642578125 464.0821533203125
561.0323486328125 195.33993530273438
654.3953247070312 306.2180480957031
654.3953247070312 306.2180480957031
658.3822631835938 320.083740234375
534.4810180664062 505.4626159667969
535.1736450195312 448.2597961425781
535.1736450195312 448.2597961425781
658.1382446289062 229.95303344726562
535.491943359375 615.391845703125
535.6784057617188 595.604736328125
658.1201171875 64.77006530761719
535.8497924804688 501.3050842285156
560.6648559570312 496.6243591308594
654.7664184570312 581.7392578125
536.7085571289062 356.02899169921875
654.8150634765625 63.876731872558594
536.8663330078125 446.370361328125
536.9364013671875 469.44317626953125
536.9364013671875 469.44317626953125
536.9466552734375 606.0155029296875
559.5214233398438 621.8875122070312
559.3059692382812 220.10902404785156
537.289794921875 572.5074462890625
537.289794921875 572.5074462890625
658.0432739257812 313.7804870605469
537.4378051757812 461.46990966796875
658.0432739257812 313.7804870605469
537.962158203125 361.8120422363281
658.0432739257812 313.7804870605469
658.0432739257812 313.7804870605469
559.18994140625 445.75201416015625
559.170166015625 213.92831420898438
559.0865478515625 482.9179992675781
558.955322265625 631.710205078125
539.04150390625 384.3484191894531
654.8499145507812 310.40325927734375
654.8499145507812 310.40325927734375
654.8499145507812 310.40325927734375
539.9483642578125 499.9151611328125
539.9483642578125 499.9151611328125
540.044921875 366.07464599609375
657.8622436523438 132.31365966796875
657.7640991210938 548.1759643554688
654.9644165039062 313.8529968261719
654.9644165039062 313.8529968261719
557.3291625976562 259.4957580566406
540.4500122070312 468.6250305175781
540.5018920898438 591.4180297851562
557.1539916992188 277.9480285644531
655.2255859375 317.4485168457031
556.7545776367188 463.64886474609375
556.7545776367188 463.64886474609375
541.6787109375 319.54351806640625
541.7734985351562 488.1506042480469
655.2255859375 317.4485168457031
556.4546508789062 494.54779052734375
556.4546508789062 494.54779052734375
657.5411376953125 543.7232666015625
556.3501586914062 328.9765930175781
657.5411376953125 543.7232666015625
556.3501586914062 328.9765930175781
555.9567260742188 635.7650756835938
555.93115234375 339.06182861328125
555.8313598632812 334.856689453125
555.6199951171875 632.4186401367188
543.5989990234375 300.4365539550781
543.5989990234375 300.4365539550781
657.1561889648438 27.484935760498047
657.1561889648438 27.484935760498047
555.6199951171875 632.4186401367188
543.9964599609375 313.2820739746094
544.04296875 365.43951416015625
544.31689453125 501.7587585449219
555.4064331054688 283.4558410644531
656.5136108398438 306.775146484375
544.7350463867188 375.8236083984375
555.2677612304688 274.1260986328125
545.0853881835938 386.1021423339844
655.2255859375 317.4485168457031
554.9989013671875 466.6839294433594
546.1400756835938 319.6252746582031
546.1400756835938 319.6252746582031
546.4930419921875 449.0130920410156
546.4930419921875 449.0130920410156
554.9989013671875 466.6839294433594
656.5136108398438 306.775146484375
656.1140747070312 479.6481628417969
547.7164306640625 464.82342529296875
547.7164306640625 464.82342529296875
547.7164306640625 464.82342529296875
656.1140747070312 479.6481628417969
554.1679077148438 257.7406311035156
552.2359619140625 306.74127197265625
552.2359619140625 306.74127197265625
655.676025390625 37.36869812011719
548.6282348632812 287.15399169921875
548.9518432617188 451.0967102050781
548.9518432617188 451.0967102050781
549.083984375 481.41387939453125
549.083984375 481.41387939453125
655.6500244140625 51.26140213012695
552.2139282226562 495.6722106933594
655.589111328125 339.2090148925781
549.3479614257812 615.9969482421875
549.3479614257812 615.9969482421875
552.2139282226562 495.6722106933594
552.2139282226562 495.6722106933594
552.2139282226562 495.6722106933594
550.13671875 446.8106384277344
551.7780151367188 196.0917205810547
551.7780151367188 196.0917205810547
550.5152587890625 612.8749389648438
550.5152587890625 612.8749389648438
735.85498046875 574.0903930664062
736.6985473632812 342.3627014160156
737.5590209960938 589.2252197265625
737.766845703125 340.93621826171875
738.4378662109375 243.9563446044922
738.8789672851562 463.2218017578125
739.5111694335938 539.1430053710938
739.5111694335938 539.1430053710938
739.5111694335938 539.1430053710938
740.0866088867188 323.51629638671875
740.6663818359375 283.1347961425781
740.6691284179688 596.4042358398438
741.9160766601562 576.76806640625
741.9160766601562 576.76806640625
742.8096313476562 534.4456787109375
743.1549072265625 590.9150390625
743.2837524414062 539.2517700195312
743.2837524414062 539.2517700195312
743.2837524414062 539.2517700195312
743.2837524414062 539.2517700195312
743.5692138671875 542.8829345703125
743.5692138671875 542.8829345703125
744.3942260742188 478.3826599121094
745.5633544921875 377.6001892089844
746.6512451171875 373.35162353515625
746.6538696289062 458.405029296875
746.9743041992188 542.8221435546875
746.9743041992188 542.8221435546875
747.6866455078125 547.329345703125
747.7096557617188 255.09640502929688
748.3984375 374.8681945800781
750.5151977539062 558.1687622070312
751.8834838867188 573.9917602539062
752.6819458007812 569.3685302734375
752.6819458007812 569.3685302734375
753.1319580078125 559.0053100585938
753.1319580078125 559.0053100585938
753.1319580078125 559.0053100585938
753.5908813476562 581.9940185546875
753.5908813476562 581.9940185546875
753.8878173828125 596.3003540039062
755.9374389648438 564.868896484375
756.1093139648438 275.3460998535156
756.2074584960938 576.223388671875
756.2074584960938 576.223388671875
757.3228759765625 310.48236083984375
758.3246459960938 572.3107299804688
758.3246459960938 572.3107299804688
758.7536010742188 585.2532348632812
758.7536010742188 585.2532348632812
759.5684204101562 560.6889038085938
761.5247192382812 320.8321228027344
763.618408203125 483.283935546875
763.618408203125 483.283935546875
763.7752685546875 482.9236145019531
763.7752685546875 482.9236145019531
764.7101440429688 575.0745849609375
766.1747436523438 287.4273986816406
766.1747436523438 287.4273986816406
766.6552124023438 578.5753784179688
768.1884765625 291.8526611328125
768.1884765625 291.8526611328125
769.9301147460938 453.0141906738281
769.9301147460938 453.0141906738281
771.8612060546875 342.0439758300781
775.3568115234375 378.3451232910156
776.7905883789062 319.2392883300781
779.2701416015625 620.8126220703125
780.4846801757812 325.6734924316406
780.8851928710938 601.1199340820312
780.8851928710938 601.1199340820312
782.7333374023438 489.4245300292969
783.4379272460938 318.90728759765625
783.4379272460938 318.90728759765625
783.7678833007812 624.6156005859375
786.8361206054688 347.79388427734375
786.8361206054688 347.79388427734375
787.7238159179688 628.2573852539062
789.3306884765625 630.5240478515625
791.9848022460938 632.2738647460938
792.6620483398438 328.72906494140625
793.6779174804688 334.5859069824219
793.6779174804688 334.5859069824219
795.7257690429688 350.5131530761719
795.7257690429688 350.5131530761719
806.1202392578125 626.729248046875
806.1202392578125 626.729248046875
811.9638671875 376.7139587402344
813.1583251953125 373.5754699707031
814.5942993164062 467.2073974609375
815.8483276367188 370.12591552734375
820.363037109375 345.2182922363281
822.80712890625 380.813720703125
823.1360473632812 377.8232727050781
828.1805419921875 466.7206726074219
831.4345092773438 585.7601318359375
831.4345092773438 585.7601318359375
831.4345092773438 585.7601318359375
835.6378784179688 619.1254272460938
837.041259765625 586.197265625
837.5657348632812 620.7495727539062
837.5657348632812 620.7495727539062
840.9293823242188 621.691650390625
843.9993286132812 590.5501708984375
849.6670532226562 602.8782958984375
855.6279296875 616.670166015625
856.0419311523438 385.9228820800781
859.7909545898438 637.93310546875
859.7909545898438 637.93310546875
862.0300903320312 380.3637390136719
870.1796875 383.2041931152344
870.4835815429688 440.75311279296875
870.4835815429688 440.75311279296875
876.32861328125 388.6476745605469
890.5390625 452.98773193359375
903.1189575195312 618.6641235351562
909.3816528320312 577.8992919921875
916.1079711914062 586.2763061523438
920.3654174804688 511.2618103027344
927.9603881835938 581.4244995117188
928.138427734375 557.1015014648438
952.3685302734375 592.7948608398438
551.0672607421875 449.0917663574219
517.8463745117188 392.3257751464844
517.8463745117188 392.3257751464844
516.132568359375 477.00531005859375
604.9597778320312 559.595703125
530.4027709960938 596.0525512695312
567.9739379882812 343.6792297363281
777.4224853515625 323.6451416015625
514.0369262695312 458.0438537597656
514.0369262695312 458.0438537597656
775.8544311523438 462.0164794921875
775.8544311523438 462.0164794921875
512.7094116210938 443.1724853515625
512.2509155273438 366.6090393066406
774.0753784179688 609.1234130859375
772.8203125 457.20245361328125
533.443359375 608.4144287109375
511.1341247558594 592.0001220703125
533.9917602539062 372.85662841796875
533.9917602539062 372.85662841796875
605.3094482421875 569.2977294921875
509.79632568359375 585.3240356445312
605.3094482421875 569.2977294921875
533.9917602539062 372.85662841796875
661.6680908203125 146.20191955566406
764.4927368164062 351.0620422363281
605.5801391601562 349.1999206542969
605.5801391601562 349.1999206542969
763.9151000976562 602.1578979492188
661.7943115234375 457.5016174316406
605.8628540039062 444.4456481933594
537.0703125 572.1905517578125
537.0703125 572.1905517578125
763.3736572265625 341.72210693359375
606.2998657226562 217.96853637695312
677.4869384765625 464.9883117675781
762.3408203125 600.9615478515625
761.0126953125 497.7958068847656
538.7578735351562 475.8363037109375
606.796142578125 219.81932067871094
677.4869384765625 464.9883117675781
758.4798583984375 599.8746948242188
677.9256591796875 451.18701171875
503.6664123535156 591.3319091796875
395.07977294921875 511.64007568359375
394.3888854980469 579.5752563476562
539.55908203125 446.2455749511719
502.26947021484375 447.5182800292969
502.26947021484375 447.5182800292969
558.3199462890625 474.39605712890625
756.7203979492188 458.6535949707031
677.9256591796875 451.18701171875
501.16168212890625 493.6556396484375
678.017578125 463.8203430175781
501.16168212890625 493.6556396484375
575.1555786132812 219.36488342285156
575.1555786132812 219.36488342285156
392.435302734375 517.2532958984375
678.017578125 463.8203430175781
756.7203979492188 458.6535949707031
539.55908203125 446.2455749511719
539.6935424804688 490.4079895019531
391.4544982910156 590.0565795898438
755.8043823242188 320.0888671875
755.3598022460938 314.4233093261719
678.3700561523438 233.12062072753906
753.9901733398438 495.9878845214844
678.3700561523438 233.12062072753906
526.6510620117188 638.4349365234375
385.0821533203125 516.9571533203125
657.6324462890625 223.82907104492188
540.7088623046875 461.18658447265625
557.06689453125 336.4234619140625
679.1652221679688 94.25019073486328
377.26336669921875 597.0787963867188
556.9373779296875 484.88995361328125
541.486572265625 229.1078643798828
495.2550964355469 506.8258972167969
495.2550964355469 506.8258972167969
752.286865234375 443.9465637207031
752.286865234375 443.9465637207031
679.5167236328125 451.1822509765625
752.2119750976562 319.39825439453125
608.8497314453125 580.4344482421875
541.5088500976562 455.48046875
750.9526977539062 601.53564453125
494.3838806152344 460.21807861328125
494.3838806152344 460.21807861328125
494.3838806152344 460.21807861328125
556.6951904296875 353.559326171875
494.17681884765625 464.52691650390625
369.4378356933594 635.4218139648438
541.8992309570312 282.8911437988281
648.6068725585938 289.0533447265625
494.17681884765625 464.52691650390625
748.1481323242188 594.246826171875
747.9857788085938 434.94622802734375
657.6324462890625 223.82907104492188
609.6067504882812 593.4788208007812
746.692138671875 443.91741943359375
491.91827392578125 503.9865417480469
491.2777099609375 375.5484313964844
648.6068725585938 289.0533447265625
746.692138671875 443.91741943359375
609.6752319335938 311.2381591796875
609.8292236328125 323.457763671875
491.2777099609375 375.5484313964844
648.05126953125 536.4102172851562
543.3213500976562 446.2983093261719
366.4165954589844 573.19921875
364.9374694824219 602.430908203125
610.0828857421875 53.008689880371094
543.3213500976562 446.2983093261719
364.9374694824219 602.430908203125
745.1458129882812 300.7648010253906
745.1458129882812 300.7648010253906
744.9223022460938 469.7149658203125
543.4745483398438 278.9444274902344
487.3271789550781 463.55499267578125
656.8668823242188 116.17630004882812
743.4844360351562 540.8893432617188
555.2372436523438 416.2088317871094
363.9038391113281 628.643798828125
610.8139038085938 46.2714958190918
610.8139038085938 46.2714958190918
555.2372436523438 416.2088317871094
485.33538818359375 467.1752014160156
485.33538818359375 467.1752014160156
741.9889526367188 455.568603515625
610.9559936523438 123.11634826660156
549.648193359375 454.83575439453125
583.3494873046875 592.1211547851562
549.8912353515625 365.453857421875
738.8089599609375 236.94898986816406
230.3838653564453 579.309326171875
728.311279296875 578.92529296875
728.2905883789062 440.57476806640625
735.4254150390625 594.3745727539062
611.23876953125 539.9318237304688
611.23876953125 539.9318237304688
481.049560546875 589.8269653320312
353.2895202636719 560.6753540039062
733.430419921875 487.5836486816406
726.9463500976562 564.48486328125
480.0552978515625 597.3800048828125
664.943115234375 223.11141967773438
664.943115234375 223.11141967773438
584.6643676757812 579.0439453125
584.6643676757812 579.0439453125
725.0087890625 590.40087890625
722.1846923828125 454.6058044433594
722.1846923828125 454.6058044433594
722.1083984375 455.013916015625
731.1548461914062 566.3464965820312
731.1548461914062 566.3464965820312
730.6656494140625 422.04974365234375
722.1083984375 455.013916015625
728.8543701171875 486.72998046875
612.9116821289062 577.9089965820312
475.08367919921875 491.5835266113281
613.1295166015625 316.84234619140625
728.7989501953125 335.0355224609375
629.05908203125 586.7265625
586.10009765625 575.22802734375
586.10009765625 575.22802734375
85.13945007324219 587.1627197265625
85.13945007324219 587.1627197265625
628.3524780273438 37.72331237792969
718.51171875 564.4901733398438
718.51171875 564.4901733398438
586.6961669921875 382.905029296875
586.7514038085938 313.7431945800781
338.10845947265625 597.1480102539062
331.3524475097656 616.3568725585938
627.7776489257812 118.39702606201172
327.91265869140625 583.5743408203125
327.5964050292969 605.5018920898438
627.7776489257812 118.39702606201172
629.8787841796875 573.7732543945312
747.9857788085938 434.94622802734375
627.6163330078125 77.86737060546875
717.1884155273438 314.6334533691406
614.4630126953125 573.2879028320312
614.4630126953125 573.2879028320312
588.2747802734375 462.9991760253906
315.4999084472656 610.11572265625
715.2698974609375 384.9455871582031
715.2698974609375 384.9455871582031
614.5902099609375 536.5629272460938
588.7792358398438 454.189453125
588.7792358398438 454.189453125
588.7792358398438 454.189453125
464.7828674316406 405.17822265625
636.2499389648438 225.98170471191406
714.9570922851562 452.2530517578125
614.7538452148438 230.89231872558594
614.7538452148438 230.89231872558594
682.8679809570312 150.3026580810547
625.02880859375 84.34835052490234
624.7572631835938 93.43475341796875
636.2499389648438 225.98170471191406
636.2499389648438 225.98170471191406
682.8679809570312 150.3026580810547
668.5393676757812 296.9729919433594
301.23028564453125 626.8483276367188
624.7572631835938 93.43475341796875
456.3256530761719 518.369873046875
456.100341796875 482.39398193359375
712.6099853515625 468.21209716796875
636.2499389648438 225.98170471191406
624.0211791992188 358.0487365722656
683.5166625976562 85.52072143554688
623.0531005859375 368.2300720214844
709.8451538085938 293.17315673828125
669.2273559570312 365.93408203125
590.7235717773438 163.5799560546875
669.2273559570312 365.93408203125
454.4631042480469 588.6057739257812
636.038818359375 290.0906677246094
591.2509765625 125.31455993652344
621.5903930664062 442.0760192871094
591.748779296875 106.28733825683594
144.63592529296875 538.9453735351562
452.1789855957031 414.3268127441406
144.63592529296875 538.9453735351562
636.038818359375 290.0906677246094
451.2021179199219 491.85369873046875
287.7969970703125 590.9857177734375
707.4637451171875 304.5071716308594
450.0794677734375 377.60089111328125
592.864990234375 586.9103393554688
592.864990234375 586.9103393554688
642.3377685546875 289.8070373535156
642.3377685546875 289.8070373535156
277.727294921875 604.981201171875
593.4708251953125 230.18600463867188
270.66162109375 507.7713317871094
147.95579528808594 534.5153198242188
669.8409423828125 375.5909729003906
263.9652404785156 592.1016845703125
704.8412475585938 450.21832275390625
704.8412475585938 450.21832275390625
685.6243896484375 122.64812469482422
703.532958984375 457.6072998046875
447.4895935058594 403.3439025878906
170.55357360839844 530.5313720703125
701.5050659179688 159.9440460205078
445.6425476074219 451.26873779296875
445.6142272949219 491.5418701171875
443.9665222167969 535.4130859375
634.2941284179688 47.94028854370117
634.2941284179688 47.94028854370117
686.5174560546875 446.4656066894531
443.29730224609375 518.1568603515625
701.5050659179688 159.9440460205078
686.7360229492188 455.1907958984375
686.7360229492188 455.1907958984375
700.9935302734375 584.5726318359375
687.3348999023438 208.02597045898438
196.0540313720703 542.2129516601562
617.7926025390625 454.40545654296875
672.4203491210938 143.06121826171875
672.4203491210938 143.06121826171875
434.9354553222656 462.71795654296875
244.42123413085938 573.0823364257812
263.9652404785156 592.1016845703125
434.57110595703125 478.64715576171875
196.0540313720703 542.2129516601562
695.8897705078125 457.7471618652344
618.2203369140625 102.85894012451172
618.2203369140625 102.85894012451172
619.1361694335938 576.80810546875
619.00146484375 589.8355712890625
694.310546875 220.44996643066406
953.1237182617188 627.15576171875
931.5166015625 581.2931518554688
931.0293579101562 507.4386291503906
673.18701171875 438.49676513671875
673.198974609375 126.0884017944336
904.7478637695312 550.5826416015625
428.7950134277344 542.5330810546875
566.0258178710938 485.11346435546875
875.5725708007812 399.1827697753906
428.7950134277344 542.5330810546875
673.445068359375 69.6087417602539
598.878173828125 38.96006774902344
652.4537963867188 457.56695556640625
428.3841247558594 482.37310791015625
652.4537963867188 457.56695556640625
870.3103637695312 392.2008361816406
660.0305786132812 581.4495239257812
599.4210815429688 216.78927612304688
599.4210815429688 216.78927612304688
860.5741577148438 372.6191101074219
428.3841247558594 482.37310791015625
428.3841247558594 482.37310791015625
859.6080932617188 382.8199462890625
859.6080932617188 382.8199462890625
565.4421997070312 321.9212951660156
673.8191528320312 446.0415344238281
565.3639526367188 296.5212707519531
521.633056640625 600.1397094726562
565.3212280273438 454.7798156738281
565.3212280273438 454.7798156738281
565.3212280273438 454.7798156738281
522.23583984375 637.3489990234375
837.5018920898438 477.79998779296875
522.9088134765625 496.58306884765625
522.9088134765625 496.58306884765625
523.3330078125 564.7999267578125
523.3330078125 564.7999267578125
564.6490478515625 472.3608703613281
825.3906860351562 596.2943115234375
823.5687255859375 478.1778564453125
564.6490478515625 472.3608703613281
821.8772583007812 469.6156921386719
602.6011352539062 581.9502563476562
821.8772583007812 469.6156921386719
818.3287963867188 475.3242492675781
818.3287963867188 475.3242492675781
815.382568359375 472.9278564453125
815.382568359375 472.9278564453125
653.0601196289062 458.86114501953125
812.4896240234375 568.3521728515625
812.4896240234375 568.3521728515625
524.9752197265625 319.9376525878906
810.294677734375 373.550048828125
653.770751953125 82.4916000366211
653.770751953125 82.4916000366211
418.3838806152344 604.0034790039062
418.3838806152344 604.0034790039062
792.943115234375 625.180908203125
787.5825805664062 440.9198913574219
563.075439453125 297.3677978515625
603.8780517578125 52.347389221191406
604.0763549804688 163.16905212402344
529.0574951171875 624.6536865234375
785.5575561523438 459.7222595214844
410.4901123046875 505.1285095214844
785.5575561523438 459.7222595214844
785.4638671875 514.032958984375
561.9573364257812 260.44464111328125
406.2904968261719 498.4690246582031
604.92041015625 446.081787109375
540.2208251953125 464.0413513183594
442.0032653808594 573.6234741210938
739.68408203125 583.1521606445312
661.1552734375 288.3184814453125
661.1552734375 288.3184814453125
739.68408203125 583.1521606445312
721.6593627929688 456.4351806640625
511.62615966796875 500.8678283691406
721.6593627929688 456.4351806640625
340.3310546875 594.66259765625
682.0242309570312 460.4940185546875
342.2209167480469 596.4965209960938
682.0242309570312 460.4940185546875
570.4708251953125 601.9506225585938
649.43359375 481.6127624511719
649.43359375 481.6127624511719
360.391357421875 599.9866333007812
359.80877685546875 578.6786499023438
662.3294067382812 41.489662170410156
359.80877685546875 578.6786499023438
348.0260009765625 639.0750732421875
724.4346923828125 551.6406860351562
505.9711608886719 364.53741455078125
731.9354248046875 440.17742919921875
505.8139953613281 503.5655822753906
505.8139953613281 503.5655822753906
731.9354248046875 440.17742919921875
505.13983154296875 507.22186279296875
504.5443115234375 467.0260314941406
732.0953979492188 354.88153076171875
655.4080200195312 294.72540283203125
502.5722351074219 576.7234497070312
655.4080200195312 294.72540283203125
502.5722351074219 576.7234497070312
611.4570922851562 452.99298095703125
728.4096069335938 449.327880859375
611.4570922851562 452.99298095703125
575.1185302734375 598.2478637695312
498.0406188964844 447.3247375488281
732.86767578125 553.755859375
498.0406188964844 447.3247375488281
497.5064697265625 390.6772766113281
348.6812438964844 561.6917724609375
733.5646362304688 580.7926025390625
733.5646362304688 580.7926025390625
728.1466674804688 325.8698425292969
727.599609375 442.3315734863281
597.5614624023438 568.11767578125
576.9159545898438 454.1772155761719
576.9159545898438 454.1772155761719
576.93603515625 472.7001037597656
576.93603515625 472.7001037597656
576.9526977539062 478.8106384277344
947.7489624023438 541.3763427734375
577.11767578125 178.3725128173828
947.7489624023438 541.3763427734375
940.505126953125 594.5375366210938
940.505126953125 594.5375366210938
938.3939819335938 507.0844421386719
934.4926147460938 587.1718139648438
577.9825439453125 370.69219970703125
578.0186157226562 380.4023742675781
578.0186157226562 380.4023742675781
578.0186157226562 380.4023742675781
934.06591796875 517.8760986328125
578.51611328125 329.2322998046875
578.9058837890625 595.6100463867188
578.9058837890625 595.6100463867188
597.5614624023438 568.11767578125
579.5225830078125 295.8231506347656
673.1216430664062 109.07506561279297
492.7101745605469 369.1243591308594
929.6368408203125 498.2765197753906
648.35302734375 419.462646484375
580.0089111328125 489.93212890625
580.0089111328125 489.93212890625
929.6368408203125 498.2765197753906
490.6809387207031 444.5798034667969
580.1766967773438 322.64630126953125
490.6809387207031 444.5798034667969
929.6368408203125 498.2765197753906
490.4086608886719 482.7779846191406
489.0990295410156 418.96881103515625
489.0990295410156 418.96881103515625
519.7197875976562 354.19793701171875
488.37005615234375 594.7529296875
920.9024658203125 555.6337280273438
920.9024658203125 555.6337280273438
735.3622436523438 546.5953369140625
598.068115234375 54.50196075439453
520.1326293945312 446.3638000488281
735.3622436523438 546.5953369140625
884.9324340820312 442.0264892578125
583.0880737304688 463.1475830078125
583.0880737304688 463.1475830078125
598.637451171875 67.35220336914062
483.10382080078125 462.9405822753906
598.6650390625 584.7662963867188
875.445068359375 395.34686279296875
482.0635681152344 549.8427124023438
599.0679321289062 103.52098083496094
599.1580200195312 223.36871337890625
481.48699951171875 360.2847595214844
599.2011108398438 537.5667114257812
520.1326293945312 446.3638000488281
868.0468139648438 444.08087158203125
664.9706420898438 77.09611511230469
665.2810668945312 91.97553253173828
584.7835693359375 304.8178405761719
477.1834411621094 314.16680908203125
599.2011108398438 537.5667114257812
860.2994995117188 385.7035827636719
475.8974914550781 448.0547180175781
521.5091552734375 499.9176025390625
599.5660400390625 158.2409210205078
475.8974914550781 448.0547180175781
599.5660400390625 158.2409210205078
427.6507263183594 510.0970458984375
855.90771484375 465.8086242675781
855.8060302734375 592.5706787109375
472.5265808105469 511.29376220703125
851.4642944335938 477.45635986328125
848.1915893554688 590.716796875
470.93975830078125 457.22119140625
470.93975830078125 457.22119140625
600.6351318359375 453.2743835449219
842.11474609375 466.3250427246094
600.6351318359375 453.2743835449219
601.0172119140625 414.4984436035156
601.0172119140625 414.4984436035156
467.0354919433594 451.1705322265625
587.9705200195312 460.03607177734375
587.9705200195312 460.03607177734375
467.0354919433594 451.1705322265625
522.6495971679688 473.934814453125
426.26593017578125 566.5277099609375
667.2494506835938 481.6730651855469
667.2494506835938 481.6730651855469
465.4268798828125 516.6399536132812
465.4268798828125 516.6399536132812
834.7538452148438 468.5159912109375
426.26593017578125 566.5277099609375
589.6403198242188 445.0335693359375
589.6403198242188 445.0335693359375
589.677734375 439.6198425292969
589.677734375 439.6198425292969
462.58465576171875 479.0129089355469
461.4844055175781 519.4022827148438
425.6462097167969 567.1469116210938
460.9173278808594 525.9749755859375
589.997802734375 138.8242645263672
829.86767578125 474.7008056640625
829.7274169921875 474.5482482910156
829.7274169921875 474.5482482910156
425.6462097167969 567.1469116210938
827.4979248046875 360.9278869628906
590.509033203125 562.962890625
590.509033203125 562.962890625
824.1992797851562 461.1912841796875
824.1992797851562 461.1912841796875
591.8204956054688 155.4174346923828
564.5667724609375 270.2257385253906
674.0895385742188 287.1231994628906
450.72833251953125 402.47119140625
818.7144165039062 459.9946594238281
593.3851928710938 278.9280090332031
674.0895385742188 287.1231994628906
674.0895385742188 287.1231994628906
816.4144897460938 350.40020751953125
815.7493896484375 366.7647399902344
421.8725280761719 522.6027221679688
448.8221740722656 539.604248046875
421.8725280761719 522.6027221679688
445.94464111328125 454.6079406738281
603.046875 596.9926147460938
564.1236572265625 460.5517883300781
564.0077514648438 463.54168701171875
799.9865112304688 452.1705627441406
443.0563659667969 409.9270324707031
442.5386962890625 538.048095703125
799.9865112304688 452.1705627441406
797.8268432617188 453.1574401855469
440.3453369140625 525.893310546875
438.1492919921875 577.4768676757812
797.8268432617188 453.1574401855469
434.095703125 526.2202758789062
794.7156982421875 327.0760498046875
432.4932556152344 530.8472290039062
794.5054931640625 629.7693481445312
794.5054931640625 629.7693481445312
597.4674682617188 151.08688354492188
432.42620849609375 548.4174194335938
789.6682739257812 349.45697021484375
527.2675170898438 321.00823974609375
528.3421020507812 471.6599426269531
618.8926391601562 381.5688781738281
787.2669067382812 620.3892211914062
232.25625610351562 573.5244140625
232.25625610351562 573.5244140625
787.2669067382812 620.3892211914062
415.0945129394531 601.4114379882812
786.3424072265625 317.8392333984375
217.07569885253906 547.3688354492188
217.07569885253906 547.3688354492188
207.4730682373047 556.8677368164062
410.17681884765625 607.4265747070312
243.53712463378906 583.2108154296875
617.9666748046875 378.2872314453125
410.17681884765625 607.4265747070312
529.9230346679688 553.7066650390625
698.7996826171875 444.9336242675781
562.7628784179688 244.067626953125
529.9230346679688 553.7066650390625
779.278564453125 503.6021728515625
637.3161010742188 448.08544921875
778.1842651367188 612.8067626953125
620.2124633789062 547.7640380859375
637.2086181640625 437.96697998046875
617.3638305664062 30.29046058654785
176.94448852539062 536.4282836914062
605.1809692382812 543.6433715820312
605.1809692382812 543.6433715820312
773.6604614257812 490.8872985839844
637.2086181640625 437.96697998046875
772.4779663085938 447.90460205078125
772.4779663085938 447.90460205078125
772.0983276367188 442.6123046875
772.0983276367188 442.6123046875
685.2630615234375 482.39727783203125
262.7394104003906 586.5182495117188
772.0110473632812 501.4267272949219
561.4700927734375 311.35858154296875
771.847412109375 442.14166259765625
770.3944702148438 497.0159912109375
289.89678955078125 620.3497924804688
616.281982421875 462.44293212890625
143.90919494628906 534.4639892578125
616.281982421875 462.44293212890625
708.69580078125 296.817138671875
533.2167358398438 397.3885192871094
632.9150390625 23.0010929107666
632.9150390625 23.0010929107666
769.6101684570312 318.68328857421875
708.697509765625 163.81500244140625
769.0244750976562 438.70941162109375
632.9150390625 23.0010929107666
768.5540161132812 605.9614868164062
766.739990234375 469.9317932128906
536.3333129882812 464.0712890625
764.8895263671875 587.9762573242188
632.4555053710938 454.833251953125
764.8895263671875 587.9762573242188
764.0560302734375 282.0791320800781
536.3333129882812 464.0712890625
397.6419982910156 553.3468627929688
397.6419982910156 553.3468627929688
710.8599853515625 445.5970458984375
710.8599853515625 445.5970458984375
760.609130859375 457.97650146484375
760.609130859375 457.97650146484375
395.6231994628906 564.4414672851562
606.98388671875 82.54767608642578
711.5735473632812 551.522705078125
632.009033203125 461.86224365234375
632.009033203125 461.86224365234375
606.98388671875 82.54767608642578
623.6047973632812 71.40711975097656
623.6204223632812 89.00779724121094
623.6721801757812 574.6893310546875
607.4168701171875 462.4797668457031
755.9788208007812 604.4259643554688
607.4168701171875 462.4797668457031
755.5210571289062 461.867919921875
713.257568359375 552.3847045898438
713.257568359375 552.3847045898438
713.7152709960938 321.5217590332031
755.5210571289062 461.867919921875
624.5175170898438 552.173583984375
753.7332763671875 439.806396484375
607.9208374023438 363.13555908203125
383.6799621582031 584.9647216796875
541.45458984375 393.8797912597656
375.33905029296875 592.359375
311.9668273925781 626.3645629882812
752.0223388671875 491.7914733886719
374.7696228027344 550.3394775390625
751.056640625 335.1317138671875
371.0943298339844 596.8998413085938
750.7347412109375 588.2303466796875
750.7347412109375 588.2303466796875
750.7347412109375 588.2303466796875
625.605224609375 380.4584045410156
625.7510375976562 321.475830078125
750.7347412109375 588.2303466796875
370.6595764160156 553.5640258789062
749.7745971679688 280.68951416015625
626.6432495117188 131.5915985107422
748.027099609375 453.55712890625
716.9945678710938 455.5101013183594
748.027099609375 453.55712890625
316.98016357421875 628.8609619140625
608.9752197265625 77.41102600097656
614.3099975585938 483.7899475097656
627.427490234375 143.06634521484375
747.9400634765625 454.05413818359375
542.1079711914062 613.1306762695312
657.3990478515625 461.1781311035156
614.3099975585938 483.7899475097656
614.1090698242188 334.3741760253906
366.5524597167969 588.1617431640625
366.5524597167969 588.1617431640625
717.6007080078125 569.3268432617188
717.9337768554688 547.612060546875
717.9337768554688 547.612060546875
657.2830810546875 159.21075439453125
745.97607421875 599.0001831054688
636.7816772460938 443.4493713378906
610.2428588867188 566.6128540039062
610.2428588867188 566.6128540039062
719.0304565429688 354.1029357910156
719.4830322265625 535.1038208007812
613.1698608398438 444.240966796875
610.5279541015625 114.95780181884766
613.1416015625 553.0076293945312
610.5279541015625 114.95780181884766
744.1986083984375 570.877197265625
543.9564819335938 440.92645263671875
364.3494873046875 583.5706176757812
77.28437805175781 553.9895629882812
545.130859375 488.4918212890625
636.7816772460938 443.4493713378906
613.1371459960938 438.89971923828125
545.130859375 488.4918212890625
729.00732421875 551.5379028320312
554.2150268554688 620.4707641601562
70.62459564208984 583.15087890625
485.82672119140625 478.5501708984375
485.82672119140625 478.5501708984375
387.34375 600.3368530273438
743.465576171875 567.2861328125
790.3667602539062 462.03021240234375
790.3667602539062 462.03021240234375
